0,0
0.00100000000000477,0
0.00199999999999534,0
0.00300000000000011,0
0.00400000000000489,2
0.00499999999999545,0
0.00600000000000023,3
0.007000000000005,0
0.00799999999999557,0
0.00900000000000034,1
0.0100000000000051,4
0.0109999999999957,0
0.0120000000000005,0
0.0130000000000052,0
0.0139999999999958,0
0.0150000000000006,1
0.0160000000000053,2
0.0169999999999959,2
0.0180000000000007,0
0.0190000000000055,0
0.019999999999996,0
0.0210000000000008,0
0.0220000000000056,0
0.0229999999999961,0
0.0240000000000009,0
0.0259999999999962,3
0.0259999999999962,0
0.027000000000001,1
0.0280000000000058,3
0.0289999999999964,1
0.0300000000000011,1
0.0310000000000059,0
0.0319999999999965,1
0.0330000000000013,0
0.0339999999999918,0
0.0349999999999966,0
0.0360000000000014,0
0.0369999999999919,3
0.0390000000000015,0
0.0390000000000015,2
0.039999999999992,3
0.0409999999999968,3
0.0420000000000016,2
0.0429999999999922,0
0.0439999999999969,1
0.0450000000000017,0
0.0459999999999923,2
0.046999999999997,0
0.0480000000000018,1
0.0489999999999924,0
0.0499999999999972,2
0.0510000000000019,0
0.0519999999999925,3
0.0529999999999973,1
0.054000000000002,2
0.0549999999999926,2
0.0559999999999974,1
0.0570000000000022,1
0.0579999999999927,1
0.0589999999999975,1
0.0600000000000023,0
0.0609999999999928,4
0.0619999999999976,2
0.0630000000000024,1
0.063999999999993,1
0.0649999999999977,1
0.0660000000000025,0
0.0669999999999931,0
0.0679999999999978,0
0.0690000000000026,1
0.0699999999999932,0
0.070999999999998,3
0.0720000000000027,0
0.0729999999999933,3
0.0739999999999981,3
0.0750000000000028,2
0.0759999999999934,4
0.0769999999999982,1
0.078000000000003,1
0.0789999999999935,0
0.0799999999999983,0
0.0819999999999936,2
0.0819999999999936,0
0.0829999999999984,1
0.0840000000000032,0
0.0849999999999937,2
0.0859999999999985,0
0.0870000000000033,0
0.0879999999999939,1
0.0889999999999986,2
0.0900000000000034,0
0.090999999999994,0
0.0919999999999987,2
0.0930000000000035,3
0.0949999999999989,2
0.0949999999999989,2
0.0960000000000036,1
0.0969999999999942,1
0.097999999999999,1
0.0990000000000038,0
0.0999999999999943,0
0.100999999999999,2
0.102000000000004,0
0.102999999999994,2
0.103999999999999,0
0.105000000000004,0
0.105999999999995,0
0.106999999999999,2
0.108000000000004,0
0.108999999999995,2
0.109999999999999,2
0.111000000000004,3
0.111999999999995,0
0.113,1
0.114000000000004,2
0.114999999999995,0
0.116,2
0.117000000000004,0
0.117999999999995,0
0.119,2
0.120000000000005,0
0.120999999999995,0
0.122,1
0.123000000000005,0
0.123999999999995,0
0.125,3
0.126000000000005,1
0.126999999999995,1
0.128,1
0.129000000000005,3
0.129999999999995,0
0.131,1
0.132000000000005,0
0.132999999999996,1
0.134,0
0.135000000000005,1
0.135999999999996,2
0.137,0
0.138000000000005,1
0.138999999999996,2
0.140000000000001,2
0.141000000000005,1
0.141999999999996,0
0.143000000000001,4
0.144000000000005,1
0.144999999999996,3
0.146000000000001,0
0.147000000000006,0
0.147999999999996,0
0.149000000000001,1
0.150999999999996,0
0.150999999999996,0
0.152000000000001,1
0.153000000000006,1
0.153999999999996,0
0.155000000000001,0
0.156000000000006,2
0.156999999999996,0
0.158000000000001,3
0.158999999999992,3
0.159999999999997,0
0.161000000000001,2
0.161999999999992,0
0.164000000000001,1
0.164000000000001,1
0.164999999999992,0
0.165999999999997,1
0.167000000000002,0
0.167999999999992,2
0.168999999999997,0
0.170000000000002,0
0.170999999999992,0
0.171999999999997,0
0.173000000000002,0
0.173999999999992,2
0.174999999999997,3
0.176000000000002,1
0.176999999999992,2
0.177999999999997,0
0.179000000000002,0
0.179999999999993,1
0.180999999999997,0
0.182000000000002,0
0.182999999999993,0
0.183999999999997,0
0.185000000000002,1
0.185999999999993,0
0.186999999999998,0
0.188000000000002,1
0.188999999999993,0
0.189999999999998,0
0.191000000000003,2
0.191999999999993,3
0.192999999999998,3
0.194000000000003,2
0.194999999999993,0
0.195999999999998,2
0.197000000000003,0
0.197999999999993,0
0.198999999999998,0
0.200000000000003,2
0.200999999999993,0
0.201999999999998,0
0.203000000000003,1
0.203999999999994,0
0.204999999999998,0
0.206999999999994,2
0.206999999999994,1
0.207999999999998,3
0.209000000000003,0
0.209999999999994,3
0.210999999999999,3
0.212000000000003,2
0.212999999999994,1
0.213999999999999,0
0.215000000000003,1
0.215999999999994,0
0.216999999999999,0
0.218000000000004,2
0.219999999999999,2
0.219999999999999,0
0.221000000000004,0
0.221999999999994,0
0.222999999999999,0
0.224000000000004,4
0.224999999999994,3
0.225999999999999,3
0.227000000000004,3
0.227999999999994,1
0.228999999999999,1
0.230000000000004,0
0.230999999999995,0
0.231999999999999,2
0.233000000000004,0
0.233999999999995,1
0.234999999999999,0
0.236000000000004,0
0.236999999999995,0
0.238,1
0.239000000000004,1
0.239999999999995,2
0.241,0
0.242000000000004,3
0.242999999999995,0
0.244,2
0.245000000000005,2
0.245999999999995,7
0.247,2
0.248000000000005,2
0.248999999999995,2
0.25,2
0.251000000000005,2
0.251999999999995,0
0.253,0
0.254000000000005,0
0.254999999999995,1
0.256,0
0.257000000000005,0
0.257999999999996,0
0.259,4
0.260000000000005,3
0.260999999999996,3
0.262,1
0.263000000000005,1
0.263999999999996,2
0.265000000000001,0
0.266000000000005,1
0.266999999999996,1
0.268000000000001,0
0.269000000000005,0
0.269999999999996,0
0.271000000000001,0
0.272000000000006,1
0.272999999999996,2
0.274000000000001,0
0.275999999999996,4
0.275999999999996,3
0.277000000000001,4
0.278000000000006,1
0.278999999999996,0
0.280000000000001,0
0.281000000000006,2
0.281999999999996,0
0.283000000000001,0
0.283999999999992,0
0.284999999999997,2
0.286000000000001,1
0.286999999999992,2
0.287999999999997,0
0.289000000000001,1
0.289999999999992,1
0.290999999999997,2
0.292000000000002,3
0.292999999999992,3
0.293999999999997,3
0.295000000000002,1
0.295999999999992,3
0.296999999999997,0
0.298000000000002,0
0.298999999999992,0
0.299999999999997,0
0.301000000000002,0
0.301999999999992,1
0.302999999999997,0
0.304000000000002,0
0.304999999999993,1
0.305999999999997,2
0.307000000000002,0
0.307999999999993,1
0.308999999999997,2
0.310000000000002,3
0.310999999999993,4
0.311999999999998,1
0.313000000000002,0
0.313999999999993,2
0.314999999999998,0
0.316000000000003,2
0.316999999999993,0
0.317999999999998,0
0.319000000000003,0
0.319999999999993,1
0.320999999999998,0
0.322000000000003,0
0.322999999999993,2
0.323999999999998,1
0.325000000000003,0
0.325999999999993,0
0.326999999999998,3
0.328000000000003,6
0.328999999999994,0
0.329999999999998,0
0.331999999999994,0
0.331999999999994,1
0.332999999999998,2
0.334000000000003,2
0.334999999999994,0
0.335999999999999,0
0.337000000000003,0
0.337999999999994,2
0.338999999999999,2
0.340000000000003,3
0.340999999999994,3
0.341999999999999,0
0.343000000000004,1
0.344999999999999,0
0.344999999999999,0
0.346000000000004,2
0.346999999999994,0
0.347999999999999,1
0.349000000000004,0
0.349999999999994,2
0.350999999999999,1
0.352000000000004,1
0.352999999999994,0
0.353999999999999,0
0.355000000000004,3
0.355999999999995,3
0.356999999999999,2
0.358000000000004,0
0.358999999999995,1
0.359999999999999,0
0.361000000000004,3
0.361999999999995,0
0.363,0
0.364000000000004,1
0.364999999999995,0
0.366,2
0.367000000000004,0
0.367999999999995,0
0.369,0
0.370000000000005,0
0.370999999999995,0
0.372,0
0.373000000000005,2
0.373999999999995,2
0.375,1
0.376000000000005,2
0.376999999999995,2
0.378,1
0.379000000000005,0
0.379999999999995,0
0.381,0
0.382000000000005,0
0.382999999999996,0
0.384,0
0.385000000000005,2
0.385999999999996,0
0.387,0
0.388000000000005,2
0.388999999999996,1
0.390000000000001,0
0.391000000000005,0
0.391999999999996,2
0.393000000000001,0
0.394000000000005,2
0.394999999999996,2
0.396000000000001,2
0.397000000000006,0
0.397999999999996,0
0.399000000000001,0
0.400999999999996,2
0.400999999999996,0
0.402000000000001,2
0.403000000000006,1
0.403999999999996,0
0.405000000000001,1
0.406000000000006,2
0.406999999999996,2
0.408000000000001,0
0.408999999999992,0
0.409999999999997,2
0.411000000000001,3
0.411999999999992,0
0.414000000000001,1
0.414000000000001,2
0.414999999999992,0
0.415999999999997,1
0.417000000000002,0
0.417999999999992,0
0.418999999999997,2
0.420000000000002,1
0.420999999999992,1
0.421999999999997,0
0.423000000000002,3
0.423999999999992,2
0.424999999999997,2
0.426000000000002,2
0.426999999999992,1
0.427999999999997,2
0.429000000000002,0
0.429999999999993,1
0.430999999999997,0
0.432000000000002,0
0.432999999999993,0
0.433999999999997,0
0.435000000000002,0
0.435999999999993,1
0.436999999999998,0
0.438000000000002,0
0.438999999999993,0
0.439999999999998,2
0.441000000000003,0
0.441999999999993,1
0.442999999999998,1
0.444000000000003,2
0.444999999999993,1
0.445999999999998,0
0.447000000000003,1
0.447999999999993,1
0.448999999999998,2
0.450000000000003,0
0.450999999999993,1
0.451999999999998,1
0.453000000000003,0
0.453999999999994,1
0.454999999999998,0
0.456999999999994,1
0.456999999999994,0
0.457999999999998,0
0.459000000000003,1
0.459999999999994,5
0.460999999999999,0
0.462000000000003,2
0.462999999999994,2
0.463999999999999,0
0.465000000000003,0
0.465999999999994,0
0.466999999999999,0
0.468000000000004,1
0.469999999999999,0
0.469999999999999,0
0.471000000000004,0
0.471999999999994,2
0.472999999999999,1
0.474000000000004,1
0.474999999999994,2
0.475999999999999,3
0.477000000000004,3
0.477999999999994,4
0.478999999999999,5
0.480000000000004,1
0.480999999999995,0
0.481999999999999,0
0.483000000000004,2
0.483999999999995,0
0.484999999999999,0
0.486000000000004,0
0.486999999999995,0
0.488,2
0.489000000000004,2
0.489999999999995,2
0.491,2
0.492000000000004,2
0.492999999999995,1
0.494,1
0.495000000000005,0
0.495999999999995,2
0.497,0
0.498000000000005,2
0.498999999999995,0
0.5,0
0.501000000000005,0
0.501999999999995,0
0.503,0
0.504000000000005,1
0.504999999999995,0
0.506,2
0.507000000000005,1
0.507999999999996,0
0.509,1
0.510000000000005,2
0.510999999999996,0
0.512,2
0.513000000000005,2
0.513999999999996,1
0.515000000000001,0
0.516000000000005,1
0.516999999999996,3
0.518000000000001,0
0.519000000000005,0
0.519999999999996,0
0.521000000000001,0
0.522000000000006,1
0.522999999999996,0
0.524000000000001,2
0.525999999999996,0
0.525999999999996,2
0.527000000000001,3
0.528000000000006,3
0.528999999999996,0
0.530000000000001,2
0.531000000000006,0
0.531999999999996,1
0.533000000000001,0
0.533999999999992,0
0.534999999999997,0
0.536000000000001,2
0.536999999999992,1
0.539000000000001,0
0.539000000000001,2
0.539999999999992,2
0.540999999999997,3
0.542000000000002,3
0.542999999999992,0
0.543999999999997,3
0.545000000000002,0
0.545999999999992,0
0.546999999999997,0
0.548000000000002,0
0.548999999999992,1
0.549999999999997,2
0.551000000000002,0
0.551999999999992,1
0.552999999999997,0
0.554000000000002,0
0.554999999999993,1
0.555999999999997,2
0.557000000000002,0
0.557999999999993,1
0.558999999999997,3
0.560000000000002,4
0.560999999999993,2
0.561999999999998,1
0.563000000000002,0
0.563999999999993,0
0.564999999999998,0
0.566000000000003,1
0.566999999999993,0
0.567999999999998,0
0.569000000000003,0
0.569999999999993,0
0.570999999999998,1
0.572000000000003,1
0.572999999999993,3
0.573999999999998,2
0.575000000000003,1
0.575999999999993,2
0.576999999999998,0
0.578000000000003,3
0.578999999999994,0
0.579999999999998,0
0.581999999999994,0
0.581999999999994,0
0.582999999999998,0
0.584000000000003,2
0.584999999999994,2
0.585999999999999,1
0.587000000000003,1
0.587999999999994,0
0.588999999999999,0
0.590000000000003,0
0.590999999999994,3
0.591999999999999,1
0.593000000000004,3
0.594999999999999,0
0.594999999999999,2
0.596000000000004,3
0.596999999999994,2
0.597999999999999,0
0.599000000000004,0
0.599999999999994,1
0.600999999999999,1
0.602000000000004,1
0.602999999999994,0
0.603999999999999,0
0.605000000000004,1
0.605999999999995,2
0.606999999999999,0
0.608000000000004,2
0.608999999999995,3
0.609999999999999,0
0.611000000000004,4
0.611999999999995,1
0.613,1
0.614000000000004,0
0.614999999999995,1
0.616,1
0.617000000000004,0
0.617999999999995,2
0.619,0
0.620000000000005,2
0.620999999999995,0
0.622,0
0.623000000000005,0
0.623999999999995,0
0.625,2
0.626000000000005,0
0.626999999999995,0
0.628,0
0.629000000000005,0
0.629999999999995,2
0.631,0
0.632000000000005,1
0.632999999999996,0
0.634,2
0.635000000000005,0
0.635999999999996,0
0.637,1
0.638000000000005,0
0.638999999999996,3
0.640000000000001,1
0.641000000000005,3
0.641999999999996,1
0.643000000000001,1
0.644000000000005,1
0.644999999999996,3
0.646000000000001,0
0.647000000000006,0
0.647999999999996,1
0.649000000000001,0
0.650999999999996,0
0.650999999999996,1
0.652000000000001,2
0.653000000000006,0
0.653999999999996,1
0.655000000000001,1
0.656000000000006,0
0.656999999999996,3
0.658000000000001,2
0.658999999999992,0
0.659999999999997,1
0.661000000000001,2
0.661999999999992,2
0.664000000000001,0
0.664000000000001,0
0.664999999999992,0
0.665999999999997,2
0.667000000000002,0
0.667999999999992,0
0.668999999999997,2
0.670000000000002,1
0.670999999999992,0
0.671999999999997,1
0.673000000000002,2
0.673999999999992,1
0.674999999999997,0
0.676000000000002,3
0.676999999999992,4
0.677999999999997,0
0.679000000000002,3
0.679999999999993,0
0.680999999999997,0
0.682000000000002,2
0.682999999999993,0
0.683999999999997,0
0.685000000000002,2
0.685999999999993,0
0.686999999999998,0
0.688000000000002,0
0.688999999999993,0
0.689999999999998,1
0.691000000000003,2
0.691999999999993,0
0.692999999999998,3
0.694000000000003,1
0.694999999999993,1
0.695999999999998,1
0.697000000000003,0
0.697999999999993,1
0.698999999999998,0
0.700000000000003,0
0.700999999999993,1
0.701999999999998,1
0.703000000000003,0
0.703999999999994,0
0.704999999999998,1
0.706999999999994,1
0.706999999999994,3
0.707999999999998,3
0.709000000000003,0
0.709999999999994,0
0.710999999999999,0
0.712000000000003,0
0.712999999999994,1
0.713999999999999,2
0.715000000000003,0
0.715999999999994,0
0.716999999999999,0
0.718000000000004,0
0.719999999999999,0
0.719999999999999,3
0.721000000000004,0
0.721999999999994,0
0.722999999999999,2
0.724000000000004,0
0.724999999999994,0
0.725999999999999,2
0.727000000000004,1
0.727999999999994,0
0.728999999999999,0
0.730000000000004,2
0.730999999999995,0
0.731999999999999,0
0.733000000000004,0
0.733999999999995,2
0.734999999999999,2
0.736000000000004,1
0.736999999999995,0
0.738,0
0.739000000000004,0
0.739999999999995,3
0.741,1
0.742000000000004,3
0.742999999999995,2
0.744,4
0.745000000000005,3
0.745999999999995,0
0.747,1
0.748000000000005,0
0.748999999999995,0
0.75,0
0.751000000000005,2
0.751999999999995,0
0.753,0
0.754000000000005,0
0.754999999999995,0
0.756,1
0.757000000000005,0
0.757999999999996,2
0.759,1
0.760000000000005,1
0.760999999999996,3
0.762,2
0.763000000000005,2
0.763999999999996,1
0.765000000000001,1
0.766000000000005,0
0.766999999999996,0
0.768000000000001,3
0.769000000000005,1
0.769999999999996,0
0.771000000000001,2
0.772000000000006,0
0.772999999999996,0
0.774000000000001,0
0.775999999999996,3
0.775999999999996,3
0.777000000000001,0
0.778000000000006,2
0.778999999999996,1
0.780000000000001,1
0.781000000000006,1
0.781999999999996,0
0.783000000000001,1
0.783999999999992,1
0.784999999999997,0
0.786000000000001,1
0.786999999999992,0
0.789000000000001,1
0.789000000000001,1
0.789999999999992,3
0.790999999999997,0
0.792000000000002,0
0.792999999999992,4
0.793999999999997,0
0.795000000000002,4
0.795999999999992,1
0.796999999999997,2
0.798000000000002,0
0.798999999999992,0
0.799999999999997,1
0.801000000000002,0
0.801999999999992,2
0.802999999999997,0
0.804000000000002,0
0.804999999999993,0
0.805999999999997,2
0.807000000000002,6
0.807999999999993,2
0.808999999999997,0
0.810000000000002,1
0.810999999999993,3
0.811999999999998,1
0.813000000000002,0
0.813999999999993,1
0.814999999999998,0
0.816000000000003,0
0.816999999999993,1
0.817999999999998,0
0.819000000000003,0
0.819999999999993,0
0.820999999999998,1
0.822000000000003,0
0.822999999999993,0
0.823999999999998,1
0.825000000000003,3
0.825999999999993,3
0.826999999999998,1
0.828000000000003,3
0.828999999999994,3
0.829999999999998,0
0.831999999999994,0
0.831999999999994,0
0.832999999999998,0
0.834000000000003,2
0.834999999999994,0
0.835999999999999,1
0.837000000000003,0
0.837999999999994,1
0.838999999999999,0
0.840000000000003,0
0.840999999999994,2
0.841999999999999,2
0.843000000000004,2
0.844999999999999,1
0.844999999999999,1
0.846000000000004,1
0.846999999999994,0
0.847999999999999,0
0.849000000000004,0
0.849999999999994,0
0.850999999999999,0
0.852000000000004,0
0.852999999999994,2
0.853999999999999,0
0.855000000000004,2
0.855999999999995,2
0.856999999999999,2
0.858000000000004,1
0.858999999999995,3
0.859999999999999,2
0.861000000000004,0
0.861999999999995,0
0.863,2
0.864000000000004,0
0.864999999999995,2
0.866,2
0.867000000000004,0
0.867999999999995,1
0.869,0
0.870000000000005,0
0.870999999999995,0
0.872,1
0.873000000000005,0
0.873999999999995,0
0.875,2
0.876000000000005,1
0.876999999999995,3
0.878,1
0.879000000000005,0
0.879999999999995,0
0.881,1
0.882000000000005,1
0.882999999999996,2
0.884,0
0.885000000000005,1
0.885999999999996,3
0.887,1
0.888000000000005,0
0.888999999999996,1
0.890000000000001,1
0.891000000000005,0
0.891999999999996,2
0.893000000000001,3
0.894000000000005,1
0.894999999999996,1
0.896000000000001,3
0.897000000000006,1
0.897999999999996,0
0.899000000000001,2
0.900999999999996,0
0.900999999999996,0
0.902000000000001,0
0.903000000000006,0
0.903999999999996,3
0.905000000000001,0
0.906000000000006,0
0.906999999999996,0
0.908000000000001,0
0.908999999999992,0
0.909999999999997,2
0.911000000000001,1
0.911999999999992,2
0.914000000000001,0
0.914000000000001,2
0.914999999999992,0
0.915999999999997,1
0.917000000000002,1
0.917999999999992,0
0.918999999999997,0
0.920000000000002,0
0.920999999999992,4
0.921999999999997,2
0.923000000000002,0
0.923999999999992,3
0.924999999999997,2
0.926000000000002,2
0.926999999999992,3
0.927999999999997,1
0.929000000000002,0
0.929999999999993,2
0.930999999999997,0
0.932000000000002,2
0.932999999999993,3
0.933999999999997,4
0.935000000000002,3
0.935999999999993,2
0.936999999999998,1
0.938000000000002,0
0.938999999999993,0
0.939999999999998,1
0.941000000000003,1
0.941999999999993,4
0.942999999999998,2
0.944000000000003,3
0.944999999999993,3
0.945999999999998,3
0.947000000000003,4
0.947999999999993,2
0.948999999999998,0
0.950000000000003,0
0.950999999999993,1
0.951999999999998,1
0.953000000000003,0
0.953999999999994,1
0.954999999999998,1
0.956999999999994,0
0.956999999999994,0
0.957999999999998,0
0.959000000000003,0
0.959999999999994,1
0.960999999999999,2
0.962000000000003,0
0.962999999999994,0
0.963999999999999,0
0.965000000000003,2
0.965999999999994,0
0.966999999999999,0
0.968000000000004,0
0.969999999999999,0
0.969999999999999,0
0.971000000000004,0
0.971999999999994,0
0.972999999999999,0
0.974000000000004,2
0.974999999999994,2
0.975999999999999,0
0.977000000000004,1
0.977999999999994,0
0.978999999999999,0
0.980000000000004,0
0.980999999999995,0
0.981999999999999,0
0.983000000000004,2
0.983999999999995,2
0.984999999999999,0
0.986000000000004,0
0.986999999999995,0
0.988,0
0.989000000000004,0
0.989999999999995,2
0.991,3
0.992000000000004,4
0.992999999999995,1
0.994,3
0.995000000000005,2
0.995999999999995,1
0.997,0
0.998000000000005,0
0.998999999999995,2
1,0
1.001,2
1.002,1
1.003,0
1.004,0
1.005,2
1.006,1
1.00700000000001,2
1.008,3
1.009,2
1.01000000000001,2
1.011,0
1.012,0
1.01300000000001,0
1.014,2
1.015,0
1.01600000000001,1
1.017,2
1.018,0
1.01900000000001,0
1.02,0
1.021,0
1.02200000000001,1
1.023,3
1.024,0
1.026,3
1.026,3
1.027,0
1.02800000000001,1
1.029,1
1.03,1
1.03100000000001,1
1.032,1
1.033,0
1.03399999999999,0
1.035,1
1.036,2
1.03699999999999,2
1.039,0
1.039,2
1.03999999999999,4
1.041,2
1.042,3
1.04299999999999,1
1.044,0
1.045,1
1.04599999999999,0
1.047,0
1.048,3
1.04899999999999,3
1.05,3
1.051,0
1.05199999999999,0
1.053,0
1.054,1
1.05499999999999,2
1.056,2
1.057,5
1.05799999999999,3
1.059,4
1.06,0
1.06099999999999,1
1.062,3
1.063,1
1.06399999999999,2
1.065,0
1.066,0
1.06699999999999,1
1.068,0
1.069,0
1.06999999999999,1
1.071,0
1.072,1
1.07299999999999,2
1.074,0
1.075,0
1.07599999999999,1
1.077,2
1.078,0
1.07899999999999,3
1.08,0
1.08199999999999,0
1.08199999999999,0
1.083,1
1.084,0
1.08499999999999,0
1.086,0
1.087,0
1.08799999999999,1
1.089,0
1.09,0
1.09099999999999,0
1.092,3
1.093,0
1.095,0
1.095,2
1.096,1
1.09699999999999,0
1.098,1
1.099,1
1.09999999999999,0
1.101,0
1.102,2
1.10299999999999,2
1.104,3
1.105,0
1.10599999999999,1
1.107,3
1.108,0
1.10899999999999,1
1.11,1
1.111,2
1.11199999999999,2
1.113,2
1.114,0
1.11499999999999,2
1.116,1
1.117,2
1.11799999999999,4
1.119,4
1.12,3
1.121,6
1.122,4
1.123,5
1.124,2
1.125,2
1.126,5
1.127,6
1.128,6
1.129,5
1.13,3
1.131,2
1.13200000000001,3
1.133,5
1.134,0
1.13500000000001,0
1.136,0
1.137,2
1.13800000000001,0
1.139,0
1.14,0
1.14100000000001,1
1.142,1
1.143,0
1.14400000000001,5
1.145,5
1.146,1
1.14700000000001,3
1.148,3
1.149,4
1.151,4
1.151,3
1.152,2
1.15300000000001,0
1.154,2
1.155,4
1.15600000000001,1
1.157,0
1.158,1
1.15899999999999,0
1.16,0
1.161,0
1.16199999999999,1
1.164,0
1.164,1
1.16499999999999,0
1.166,1
1.167,2
1.16799999999999,2
1.169,0
1.17,2
1.17099999999999,6
1.172,3
1.173,5
1.17399999999999,5
1.175,4
1.176,6
1.17699999999999,4
1.178,0
1.179,3
1.17999999999999,8
1.181,7
1.182,7
1.18299999999999,7
1.184,2
1.185,0
1.18599999999999,3
1.187,5
1.188,5
1.18899999999999,2
1.19,3
1.191,4
1.19199999999999,3
1.193,2
1.194,5
1.19499999999999,3
1.196,0
1.197,0
1.19799999999999,4
1.199,5
1.2,3
1.20099999999999,0
1.202,0
1.203,1
1.20399999999999,0
1.205,3
1.20699999999999,3
1.20699999999999,5
1.208,4
1.209,0
1.20999999999999,0
1.211,2
1.212,4
1.21299999999999,0
1.214,2
1.215,0
1.21599999999999,0
1.217,0
1.218,2
1.21899999999999,1
1.22,4
1.221,1
1.22199999999999,1
1.223,2
1.224,0
1.22499999999999,0
1.226,0
1.227,2
1.22799999999999,1
1.229,4
1.23,3
1.23099999999999,3
1.232,1
1.233,1
1.23399999999999,0
1.235,2
1.236,4
1.23699999999999,3
1.238,1
1.239,0
1.23999999999999,6
1.241,5
1.242,5
1.24299999999999,2
1.244,2
1.245,0
1.246,0
1.247,0
1.248,4
1.249,4
1.25,3
1.251,1
1.252,1
1.253,0
1.254,2
1.255,0
1.256,3
1.25700000000001,3
1.258,4
1.259,6
1.26000000000001,4
1.261,5
1.262,5
1.26300000000001,4
1.264,3
1.265,4
1.26600000000001,1
1.267,3
1.268,4
1.26900000000001,5
1.27,5
1.271,4
1.27200000000001,6
1.273,1
1.274,0
1.276,2
1.276,4
1.277,4
1.27800000000001,4
1.279,3
1.28,3
1.28100000000001,3
1.282,3
1.283,3
1.28399999999999,4
1.285,4
1.286,4
1.28699999999999,0
1.289,4
1.289,3
1.28999999999999,4
1.291,1
1.292,1
1.29299999999999,2
1.294,1
1.295,5
1.29599999999999,5
1.297,7
1.298,6
1.29899999999999,0
1.3,2
1.301,2
1.30199999999999,3
1.303,2
1.304,2
1.30499999999999,2
1.306,4
1.307,8
1.30799999999999,0
1.309,1
1.31,5
1.31099999999999,10
1.312,6
1.313,9
1.31399999999999,5
1.315,0
1.316,3
1.31699999999999,6
1.318,8
1.319,3
1.31999999999999,5
1.321,4
1.322,2
1.32299999999999,2
1.324,4
1.325,3
1.32599999999999,1
1.327,0
1.328,4
1.32899999999999,4
1.33,0
1.33199999999999,4
1.33199999999999,7
1.333,5
1.334,2
1.33499999999999,7
1.336,6
1.337,8
1.33799999999999,4
1.339,1
1.34,5
1.34099999999999,7
1.342,10
1.343,11
1.345,7
1.345,8
1.346,3
1.34699999999999,1
1.348,0
1.349,5
1.34999999999999,6
1.351,10
1.352,12
1.35299999999999,13
1.354,10
1.355,9
1.35599999999999,0
1.357,1
1.358,7
1.35899999999999,7
1.36,3
1.361,0
1.36199999999999,1
1.363,2
1.364,2
1.36499999999999,0
1.366,2
1.367,1
1.36799999999999,3
1.369,0
1.37,0
1.371,1
1.372,3
1.373,0
1.374,1
1.375,1
1.376,1
1.377,1
1.378,2
1.379,0
1.38,0
1.381,1
1.38200000000001,0
1.383,1
1.384,0
1.38500000000001,3
1.386,4
1.387,1
1.38800000000001,0
1.389,3
1.39,4
1.39100000000001,6
1.392,5
1.393,1
1.39400000000001,2
1.395,1
1.396,0
1.39700000000001,0
1.398,2
1.399,2
1.401,0
1.401,5
1.402,4
1.40300000000001,4
1.404,6
1.405,6
1.40600000000001,2
1.407,4
1.408,6
1.40899999999999,6
1.41,4
1.411,3
1.41199999999999,2
1.413,5
1.414,9
1.41499999999999,10
1.416,11
1.417,9
1.41799999999999,2
1.419,1
1.42,1
1.42099999999999,3
1.422,5
1.423,4
1.42399999999999,3
1.425,4
1.426,7
1.42699999999999,8
1.428,7
1.429,6
1.42999999999999,3
1.431,0
1.432,1
1.43299999999999,0
1.434,0
1.435,3
1.43599999999999,4
1.437,1
1.438,3
1.43899999999999,3
1.44,1
1.441,2
1.44199999999999,2
1.443,0
1.444,4
1.44499999999999,5
1.446,3
1.447,5
1.44799999999999,1
1.449,2
1.45,0
1.45099999999999,0
1.452,0
1.453,2
1.45399999999999,3
1.455,4
1.45699999999999,7
1.45699999999999,6
1.458,3
1.459,4
1.45999999999999,3
1.461,0
1.462,4
1.46299999999999,7
1.464,5
1.465,4
1.46599999999999,8
1.467,2
1.468,1
1.46899999999999,4
1.47,2
1.471,0
1.47199999999999,3
1.473,4
1.474,8
1.47499999999999,7
1.476,9
1.477,6
1.47799999999999,4
1.479,0
1.48,5
1.48099999999999,4
1.482,8
1.483,8
1.48399999999999,3
1.485,0
1.486,3
1.48699999999999,3
1.488,1
1.489,2
1.48999999999999,1
1.491,7
1.492,7
1.49299999999999,7
1.494,5
1.495,3
1.496,0
1.497,4
1.498,3
1.499,1
1.5,1
1.501,4
1.502,0
1.503,2
1.504,2
1.505,3
1.506,3
1.50700000000001,0
1.508,1
1.509,0
1.51000000000001,3
1.511,3
1.512,2
1.51300000000001,2
1.514,2
1.515,2
1.51600000000001,1
1.517,3
1.518,1
1.51900000000001,0
1.52,1
1.521,3
1.52200000000001,0
1.523,1
1.524,2
1.526,0
1.526,0
1.527,2
1.52800000000001,0
1.529,2
1.53,3
1.53100000000001,2
1.532,1
1.533,2
1.53399999999999,3
1.535,4
1.536,3
1.53699999999999,3
1.538,1
1.539,4
1.53999999999999,3
1.541,7
1.542,6
1.54299999999999,7
1.544,6
1.545,9
1.54599999999999,8
1.548,3
1.548,0
1.54899999999999,5
1.55,8
1.551,8
1.55199999999999,12
1.553,15
1.554,11
1.55499999999999,6
1.556,0
1.557,3
1.55799999999999,5
1.559,6
1.56,4
1.56099999999999,10
1.562,8
1.563,8
1.56399999999999,8
1.565,7
1.566,0
1.56699999999999,4
1.568,5
1.569,5
1.56999999999999,8
1.571,5
1.572,1
1.57299999999999,0
1.574,2
1.575,4
1.57599999999999,4
1.577,6
1.578,3
1.57899999999999,3
1.58,7
1.58199999999999,3
1.58199999999999,1
1.583,6
1.584,7
1.58499999999999,7
1.586,7
1.587,4
1.58799999999999,2
1.589,0
1.59,0
1.59099999999999,4
1.592,5
1.593,5
1.59399999999999,7
1.595,5
1.596,5
1.59699999999999,4
1.598,3
1.599,2
1.59999999999999,0
1.601,0
1.602,0
1.60299999999999,3
1.604,0
1.605,3
1.60599999999999,0
1.607,3
1.608,0
1.60899999999999,0
1.61,0
1.611,2
1.61199999999999,0
1.613,1
1.614,1
1.61499999999999,3
1.616,1
1.617,7
1.61799999999999,8
1.619,9
1.62,5
1.621,6
1.622,0
1.623,3
1.624,5
1.625,5
1.626,8
1.627,7
1.628,5
1.629,5
1.63,6
1.631,3
1.63200000000001,2
1.633,0
1.634,3
1.63500000000001,2
1.636,0
1.637,2
1.63800000000001,0
1.639,2
1.64,0
1.64100000000001,4
1.642,0
1.643,3
1.64400000000001,3
1.645,0
1.646,0
1.64700000000001,3
1.648,5
1.649,4
1.651,3
1.651,3
1.652,3
1.65300000000001,1
1.654,0
1.655,3
1.65600000000001,1
1.657,0
1.658,0
1.65899999999999,0
1.66,3
1.661,0
1.66199999999999,0
1.664,4
1.664,2
1.66499999999999,5
1.666,1
1.667,1
1.66799999999999,2
1.669,5
1.67,2
1.67099999999999,3
1.672,1
1.673,5
1.67399999999999,4
1.675,5
1.676,3
1.67699999999999,4
1.678,1
1.679,3
1.67999999999999,0
1.681,2
1.682,3
1.68299999999999,5
1.684,4
1.685,3
1.68599999999999,1
1.687,1
1.688,6
1.68899999999999,9
1.69,9
1.691,8
1.69199999999999,2
1.693,0
1.694,7
1.69499999999999,9
1.696,7
1.697,2
1.69799999999999,6
1.699,5
1.7,3
1.70099999999999,0
1.702,2
1.703,1
1.70399999999999,0
1.705,0
1.70699999999999,1
1.70699999999999,0
1.708,1
1.709,0
1.70999999999999,0
1.711,1
1.712,0
1.71299999999999,1
1.714,6
1.715,3
1.71599999999999,2
1.717,3
1.718,0
1.71899999999999,4
1.72,6
1.721,6
1.72199999999999,5
1.723,5
1.724,0
1.72499999999999,3
1.726,6
1.727,5
1.72799999999999,5
1.729,2
1.73,4
1.73099999999999,2
1.732,0
1.733,3
1.73399999999999,0
1.735,0
1.736,3
1.73699999999999,2
1.738,1
1.739,3
1.73999999999999,5
1.741,5
1.742,5
1.74299999999999,10
1.744,7
1.745,5
1.746,2
1.747,2
1.748,0
1.749,2
1.75,3
1.751,4
1.752,5
1.753,5
1.754,5
1.755,3
1.756,1
1.75700000000001,2
1.758,4
1.759,3
1.76000000000001,0
1.761,2
1.762,2
1.76300000000001,2
1.764,3
1.765,5
1.76600000000001,4
1.767,1
1.768,3
1.76900000000001,0
1.77,0
1.771,2
1.77200000000001,2
1.773,1
1.774,5
1.776,5
1.776,4
1.777,5
1.77800000000001,5
1.779,4
1.78,1
1.78100000000001,2
1.782,0
1.783,3
1.78399999999999,3
1.785,7
1.786,11
1.78699999999999,12
1.788,8
1.789,3
1.78999999999999,0
1.791,8
1.792,6
1.79299999999999,4
1.794,1
1.795,3
1.79599999999999,2
1.797,0
1.798,1
1.79899999999999,1
1.8,6
1.801,7
1.80199999999999,4
1.803,2
1.804,0
1.80499999999999,4
1.806,3
1.807,3
1.80799999999999,4
1.809,4
1.81,5
1.81099999999999,6
1.812,7
1.813,8
1.81399999999999,6
1.815,3
1.816,3
1.81699999999999,3
1.818,0
1.819,0
1.81999999999999,0
1.821,1
1.822,5
1.82299999999999,8
1.824,8
1.825,12
1.82599999999999,9
1.827,6
1.828,0
1.82899999999999,3
1.83,8
1.83199999999999,9
1.83199999999999,5
1.833,1
1.834,2
1.83499999999999,1
1.836,0
1.837,1
1.83799999999999,5
1.839,6
1.84,5
1.84099999999999,3
1.842,3
1.843,0
1.84399999999999,1
1.845,0
1.846,2
1.84699999999999,3
1.848,1
1.849,0
1.84999999999999,0
1.851,1
1.852,3
1.85299999999999,0
1.854,3
1.855,1
1.85599999999999,1
1.857,1
1.858,0
1.85899999999999,1
1.86,0
1.861,0
1.86199999999999,2
1.863,2
1.864,1
1.86499999999999,2
1.866,1
1.867,3
1.86799999999999,2
1.869,0
1.87,2
1.871,7
1.872,6
1.873,4
1.874,2
1.875,1
1.876,0
1.877,3
1.878,6
1.879,5
1.88,4
1.881,1
1.88200000000001,1
1.883,0
1.884,0
1.88500000000001,0
1.886,1
1.887,2
1.88800000000001,0
1.889,5
1.89,0
1.89100000000001,8
1.892,13
1.893,11
1.89400000000001,3
1.895,0
1.896,9
1.89700000000001,14
1.898,15
1.899,13
1.901,8
1.901,6
1.902,2
1.90300000000001,5
1.904,8
1.905,4
1.90600000000001,6
1.907,6
1.908,5
1.90899999999999,9
1.91,5
1.911,3
1.91199999999999,3
1.913,0
1.914,1
1.91499999999999,3
1.916,2
1.917,2
1.91799999999999,2
1.919,2
1.92,0
1.92099999999999,4
1.922,5
1.923,1
1.92399999999999,1
1.925,0
1.926,4
1.92699999999999,1
1.928,0
1.929,2
1.92999999999999,0
1.931,1
1.932,1
1.93299999999999,1
1.934,0
1.935,1
1.93599999999999,1
1.937,1
1.938,4
1.93899999999999,6
1.94,4
1.941,5
1.94199999999999,6
1.943,5
1.944,4
1.94499999999999,3
1.946,4
1.947,3
1.94799999999999,3
1.949,0
1.95,0
1.95099999999999,2
1.952,2
1.953,3
1.95399999999999,4
1.955,3
1.95699999999999,1
1.95699999999999,0
1.958,2
1.959,4
1.95999999999999,1
1.961,0
1.962,1
1.96299999999999,0
1.964,3
1.965,8
1.96599999999999,4
1.967,2
1.968,2
1.96899999999999,0
1.97,5
1.971,4
1.97199999999999,6
1.973,3
1.974,0
1.97499999999999,3
1.976,4
1.977,6
1.97799999999999,6
1.979,7
1.98,5
1.98099999999999,4
1.982,1
1.983,3
1.98399999999999,7
1.985,8
1.986,5
1.98699999999999,1
1.988,4
1.989,0
1.98999999999999,0
1.991,1
1.992,0
1.99299999999999,4
1.994,6
1.995,11
1.996,2
1.997,2
1.998,0
1.999,3
2,5
2.001,2
2.002,0
2.003,0
2.004,4
2.005,1
2.006,1
2.00700000000001,0
2.008,3
2.009,1
2.01000000000001,0
2.011,0
2.012,1
2.01300000000001,4
2.014,1
2.015,2
2.01600000000001,4
2.017,4
2.018,1
2.01900000000001,0
2.02,3
2.021,4
2.02200000000001,5
2.023,4
2.024,2
2.026,2
2.026,1
2.02800000000001,0
2.02800000000001,3
2.029,0
2.03,2
2.03100000000001,0
2.032,3
2.033,3
2.03399999999999,1
2.035,1
2.036,0
2.03699999999999,3
2.038,0
2.039,4
2.03999999999999,1
2.041,2
2.042,1
2.04299999999999,0
2.044,4
2.045,2
2.04599999999999,1
2.047,0
2.048,0
2.04899999999999,1
2.05,0
2.051,2
2.05199999999999,0
2.053,1
2.054,2
2.05499999999999,4
2.056,3
2.057,1
2.05799999999999,0
2.059,2
2.06,5
2.06099999999999,4
2.062,2
2.063,3
2.06399999999999,1
2.065,0
2.066,3
2.06699999999999,2
2.068,2
2.069,2
2.06999999999999,2
2.071,3
2.072,2
2.07299999999999,1
2.074,5
2.075,3
2.07599999999999,1
2.077,0
2.078,1
2.07899999999999,3
2.08,3
2.08199999999999,0
2.08199999999999,3
2.083,1
2.084,3
2.08499999999999,1
2.086,0
2.087,2
2.08799999999999,1
2.089,1
2.09,1
2.09099999999999,3
2.092,4
2.093,1
2.09399999999999,2
2.095,0
2.096,4
2.09699999999999,3
2.098,2
2.099,3
2.09999999999999,3
2.101,0
2.102,3
2.10299999999999,0
2.104,1
2.105,3
2.10599999999999,1
2.107,0
2.108,0
2.10899999999999,3
2.11,2
2.111,2
2.11199999999999,2
2.113,1
2.114,2
2.11499999999999,0
2.116,1
2.117,0
2.11799999999999,2
2.119,0
2.12,2
2.121,0
2.122,0
2.123,4
2.124,2
2.125,0
2.126,1
2.127,0
2.128,0
2.129,2
2.13,2
2.131,0
2.13200000000001,2
2.133,0
2.134,0
2.13500000000001,0
2.136,2
2.137,2
2.13800000000001,3
2.139,3
2.14,1
2.14100000000001,1
2.142,3
2.143,4
2.14400000000001,2
2.145,1
2.146,1
2.14700000000001,1
2.148,0
2.149,0
2.151,0
2.151,1
2.152,0
2.15300000000001,1
2.154,0
2.155,0
2.15600000000001,0
2.157,4
2.158,2
2.15899999999999,0
2.16,3
2.161,1
2.16199999999999,0
2.163,3
2.164,2
2.16499999999999,0
2.166,0
2.167,0
2.16799999999999,1
2.169,1
2.17,0
2.17099999999999,0
2.172,9
2.173,2
2.17399999999999,4
2.175,4
2.176,1
2.17699999999999,3
2.178,0
2.179,3
2.17999999999999,2
2.181,0
2.182,1
2.18299999999999,3
2.184,1
2.185,0
2.18599999999999,1
2.187,2
2.188,1
2.18899999999999,1
2.19,0
2.191,1
2.19199999999999,3
2.193,5
2.194,1
2.19499999999999,1
2.196,0
2.197,0
2.19799999999999,2
2.199,0
2.2,1
2.20099999999999,1
2.202,0
2.203,3
2.20399999999999,0
2.205,2
2.20699999999999,0
2.20699999999999,0
2.208,2
2.209,2
2.20999999999999,0
2.211,0
2.212,2
2.21299999999999,2
2.214,1
2.215,3
2.21599999999999,4
2.217,2
2.218,4
2.21899999999999,3
2.22,0
2.221,0
2.22199999999999,1
2.223,3
2.224,2
2.22499999999999,2
2.226,3
2.227,4
2.22799999999999,2
2.229,3
2.23,2
2.23099999999999,3
2.232,1
2.233,0
2.23399999999999,0
2.235,2
2.236,0
2.23699999999999,0
2.238,1
2.239,0
2.23999999999999,1
2.241,9
2.242,1
2.24299999999999,1
2.244,0
2.245,1
2.246,0
2.247,2
2.248,1
2.249,0
2.25,0
2.251,1
2.252,0
2.253,3
2.254,0
2.255,3
2.256,2
2.25700000000001,1
2.258,3
2.259,2
2.26000000000001,3
2.261,3
2.262,2
2.26300000000001,0
2.264,1
2.265,0
2.26600000000001,1
2.267,0
2.268,1
2.26900000000001,0
2.27,0
2.271,0
2.27200000000001,0
2.273,0
2.274,0
2.276,0
2.276,2
2.277,0
2.27800000000001,3
2.279,1
2.28,1
2.28100000000001,2
2.282,0
2.283,0
2.28399999999999,0
2.285,2
2.286,1
2.28699999999999,0
2.288,1
2.289,2
2.28999999999999,0
2.291,3
2.292,4
2.29299999999999,4
2.294,3
2.295,3
2.29599999999999,3
2.297,2
2.298,2
2.29899999999999,3
2.3,3
2.301,5
2.30199999999999,1
2.303,3
2.304,3
2.30499999999999,0
2.306,1
2.307,2
2.30799999999999,2
2.309,2
2.31,3
2.31099999999999,4
2.312,2
2.313,1
2.31399999999999,2
2.315,0
2.316,0
2.31699999999999,0
2.318,0
2.319,0
2.31999999999999,0
2.321,0
2.322,0
2.32299999999999,1
2.324,1
2.325,1
2.32599999999999,2
2.327,2
2.328,1
2.32899999999999,1
2.33,2
2.33199999999999,0
2.33199999999999,1
2.333,2
2.334,2
2.33499999999999,0
2.336,1
2.337,1
2.33799999999999,1
2.339,1
2.34,0
2.34099999999999,0
2.342,3
2.343,0
2.34399999999999,2
2.345,4
2.346,4
2.34699999999999,2
2.348,0
2.349,0
2.34999999999999,0
2.351,0
2.352,0
2.35299999999999,0
2.354,0
2.355,1
2.35599999999999,0
2.357,1
2.358,1
2.35899999999999,0
2.36,3
2.361,2
2.36199999999999,2
2.363,0
2.364,2
2.36499999999999,0
2.366,0
2.367,0
2.36799999999999,0
2.369,2
2.37,0
2.371,2
2.372,2
2.373,0
2.374,0
2.375,1
2.376,0
2.377,3
2.378,1
2.379,2
2.38,2
2.381,2
2.38200000000001,0
2.383,1
2.384,0
2.38500000000001,2
2.386,0
2.387,1
2.38800000000001,2
2.389,0
2.39,1
2.39100000000001,1
2.392,4
2.393,0
2.39400000000001,1
2.395,0
2.396,1
2.39700000000001,0
2.398,0
2.399,0
2.401,0
2.401,1
2.402,1
2.40300000000001,2
2.404,2
2.405,0
2.40600000000001,0
2.407,0
2.408,0
2.40899999999999,2
2.41,0
2.411,1
2.41199999999999,1
2.414,1
2.414,0
2.41499999999999,0
2.416,2
2.417,0
2.41799999999999,0
2.419,0
2.42,0
2.42099999999999,0
2.422,0
2.423,0
2.42399999999999,2
2.425,4
2.426,3
2.42699999999999,1
2.428,2
2.429,1
2.42999999999999,1
2.431,2
2.432,1
2.43299999999999,0
2.434,0
2.435,0
2.43599999999999,0
2.437,0
2.438,0
2.43899999999999,0
2.44,0
2.441,1
2.44199999999999,1
2.443,3
2.444,3
2.44499999999999,3
2.446,2
2.447,0
2.44799999999999,1
2.449,0
2.45,0
2.45099999999999,3
2.452,1
2.453,1
2.45399999999999,2
2.455,0
2.45699999999999,0
2.45699999999999,1
2.458,3
2.459,1
2.45999999999999,1
2.461,4
2.462,2
2.46299999999999,2
2.464,1
2.465,0
2.46599999999999,2
2.467,0
2.468,2
2.46899999999999,3
2.47,0
2.471,1
2.47199999999999,0
2.473,2
2.474,0
2.47499999999999,0
2.476,1
2.477,1
2.47799999999999,1
2.479,0
2.48,0
2.48099999999999,2
2.482,0
2.483,0
2.48399999999999,0
2.485,2
2.486,0
2.48699999999999,0
2.488,0
2.489,2
2.48999999999999,2
2.491,1
2.492,1
2.49299999999999,0
2.494,4
2.495,0
2.496,1
2.497,0
2.498,2
2.499,0
2.5,0
2.501,0
2.502,0
2.503,0
2.504,0
2.505,2
2.506,3
2.50700000000001,1
2.508,3
2.509,1
2.51000000000001,4
2.511,1
2.512,1
2.51300000000001,2
2.514,0
2.515,1
2.51600000000001,0
2.517,0
2.518,2
2.51900000000001,1
2.52,1
2.521,0
2.52200000000001,2
2.523,1
2.524,0
2.526,2
2.526,1
2.527,2
2.52800000000001,0
2.529,1
2.53,0
2.53100000000001,0
2.532,1
2.533,0
2.53399999999999,1
2.535,1
2.536,0
2.53699999999999,1
2.539,3
2.539,0
2.53999999999999,2
2.541,3
2.542,1
2.54299999999999,1
2.544,1
2.545,3
2.54599999999999,0
2.547,0
2.548,0
2.54899999999999,0
2.55,0
2.551,0
2.55199999999999,2
2.553,0
2.554,0
2.55499999999999,2
2.556,0
2.557,2
2.55799999999999,0
2.559,3
2.56,3
2.56099999999999,1
2.562,1
2.563,0
2.56399999999999,1
2.565,0
2.566,0
2.56699999999999,0
2.568,1
2.569,1
2.56999999999999,2
2.571,0
2.572,0
2.57299999999999,2
2.574,0
2.575,4
2.57599999999999,2
2.577,2
2.578,2
2.57899999999999,0
2.58,2
2.58199999999999,0
2.58199999999999,0
2.583,0
2.584,0
2.58499999999999,3
2.586,1
2.587,2
2.58799999999999,2
2.589,1
2.59,0
2.59099999999999,0
2.592,3
2.593,3
2.595,0
2.595,4
2.596,3
2.59699999999999,1
2.598,2
2.599,1
2.59999999999999,0
2.601,0
2.602,0
2.60299999999999,3
2.604,2
2.605,2
2.60599999999999,0
2.607,2
2.608,4
2.60899999999999,0
2.61,1
2.611,0
2.61199999999999,0
2.613,3
2.614,2
2.61499999999999,0
2.616,1
2.617,0
2.61799999999999,1
2.619,1
2.62,1
2.621,0
2.622,0
2.623,1
2.624,3
2.625,0
2.626,0
2.627,0
2.628,2
2.629,3
2.63,0
2.631,1
2.63200000000001,0
2.633,1
2.634,0
2.63500000000001,1
2.636,0
2.637,2
2.63800000000001,1
2.639,1
2.64,2
2.64100000000001,3
2.642,0
2.643,4
2.64400000000001,4
2.645,3
2.646,1
2.64700000000001,2
2.648,0
2.649,0
2.651,0
2.651,0
2.652,0
2.65300000000001,0
2.654,2
2.655,2
2.65600000000001,0
2.657,1
2.658,0
2.65899999999999,3
2.66,3
2.661,3
2.66199999999999,3
2.663,1
2.664,0
2.66499999999999,0
2.666,2
2.667,2
2.66799999999999,0
2.669,0
2.67,0
2.67099999999999,2
2.672,1
2.673,2
2.67399999999999,0
2.675,0
2.676,4
2.67699999999999,2
2.678,0
2.679,2
2.67999999999999,0
2.681,0
2.682,2
2.68299999999999,0
2.684,0
2.685,3
2.68599999999999,1
2.687,1
2.688,1
2.68899999999999,2
2.69,0
2.691,1
2.69199999999999,1
2.693,1
2.694,2
2.69499999999999,0
2.696,3
2.697,0
2.69799999999999,1
2.699,0
2.7,0
2.70099999999999,0
2.702,2
2.703,2
2.70399999999999,1
2.705,0
2.70699999999999,2
2.70699999999999,1
2.708,0
2.709,0
2.70999999999999,2
2.711,2
2.712,0
2.71299999999999,0
2.714,0
2.715,1
2.71599999999999,0
2.717,1
2.718,0
2.72,0
2.72,1
2.721,1
2.72199999999999,0
2.723,2
2.724,1
2.72499999999999,0
2.726,4
2.727,1
2.72799999999999,2
2.729,2
2.73,1
2.73099999999999,0
2.732,1
2.733,0
2.73399999999999,0
2.735,2
2.736,0
2.73699999999999,0
2.738,0
2.739,2
2.73999999999999,0
2.741,0
2.742,0
2.74299999999999,1
2.744,0
2.745,2
2.746,0
2.747,2
2.748,0
2.749,0
2.75,0
2.751,0
2.752,0
2.753,0
2.754,0
2.755,1
2.756,2
2.75700000000001,3
2.758,0
2.759,3
2.76000000000001,2
2.761,3
2.762,3
2.76300000000001,1
2.764,2
2.765,0
2.76600000000001,0
2.767,2
2.768,1
2.76900000000001,2
2.77,0
2.771,2
2.77200000000001,0
2.773,0
2.774,1
2.776,1
2.776,0
2.777,0
2.77800000000001,4
2.779,2
2.78,1
2.78100000000001,0
2.782,2
2.783,0
2.78399999999999,0
2.785,0
2.786,0
2.78699999999999,0
2.788,0
2.789,1
2.78999999999999,0
2.791,2
2.792,0
2.79299999999999,2
2.794,2
2.795,3
2.79599999999999,3
2.797,1
2.798,1
2.79899999999999,0
2.8,0
2.801,1
2.80199999999999,0
2.803,1
2.804,0
2.80499999999999,1
2.806,3
2.807,3
2.80799999999999,1
2.809,3
2.81,2
2.81099999999999,1
2.812,2
2.813,2
2.81399999999999,0
2.815,0
2.816,1
2.81699999999999,1
2.818,0
2.819,0
2.81999999999999,3
2.821,2
2.822,2
2.82299999999999,1
2.824,2
2.825,2
2.82599999999999,3
2.827,1
2.828,0
2.82899999999999,1
2.83,0
2.83199999999999,2
2.83199999999999,0
2.833,1
2.834,1
2.83499999999999,2
2.836,2
2.837,1
2.83799999999999,0
2.839,0
2.84,2
2.84099999999999,3
2.842,2
2.843,2
2.84399999999999,2
2.845,0
2.846,2
2.84699999999999,2
2.848,0
2.849,0
2.84999999999999,0
2.851,1
2.852,0
2.85299999999999,0
2.854,0
2.855,0
2.85599999999999,1
2.857,3
2.858,0
2.85899999999999,1
2.86,2
2.861,0
2.86199999999999,1
2.863,1
2.864,0
2.86499999999999,3
2.866,0
2.867,0
2.86799999999999,2
2.869,2
2.87,0
2.871,2
2.872,0
2.873,3
2.874,2
2.875,0
2.876,4
2.877,3
2.878,5
2.879,2
2.88,1
2.881,3
2.88200000000001,1
2.883,0
2.884,2
2.88500000000001,1
2.886,1
2.887,0
2.88800000000001,0
2.889,0
2.89,1
2.89100000000001,2
2.892,0
2.893,3
2.89400000000001,0
2.895,2
2.896,2
2.89700000000001,0
2.898,2
2.899,1
2.901,1
2.901,1
2.902,3
2.90300000000001,3
2.904,1
2.905,0
2.90600000000001,0
2.907,0
2.908,0
2.90899999999999,0
2.91,2
2.911,3
2.91199999999999,1
2.913,0
2.914,0
2.91499999999999,0
2.916,1
2.917,0
2.91799999999999,0
2.919,0
2.92,1
2.92099999999999,1
2.922,0
2.923,0
2.92399999999999,0
2.925,0
2.926,1
2.92699999999999,0
2.928,0
2.929,3
2.92999999999999,2
2.931,2
2.932,3
2.93299999999999,1
2.934,1
2.935,0
2.93599999999999,2
2.937,2
2.938,1
2.93899999999999,0
2.94,0
2.941,2
2.94199999999999,1
2.943,0
2.944,3
2.94499999999999,0
2.946,0
2.947,0
2.94799999999999,1
2.949,0
2.95,0
2.95099999999999,1
2.952,0
2.953,3
2.95399999999999,1
2.955,0
2.95699999999999,0
2.95699999999999,2
2.958,3
2.959,0
2.95999999999999,0
2.961,0
2.962,0
2.96299999999999,0
2.964,2
2.965,1
2.96599999999999,0
2.967,0
2.968,0
2.97,0
2.97,2
2.971,2
2.97199999999999,2
2.973,1
2.974,1
2.97499999999999,3
2.976,4
2.977,1
2.97799999999999,2
2.979,0
2.98,0
2.98099999999999,2
2.982,1
2.983,3
2.98399999999999,0
2.985,0
2.986,0
2.98699999999999,1
2.988,1
2.989,0
2.98999999999999,1
2.991,0
2.992,1
2.99299999999999,1
2.994,4
2.995,2
2.996,1
2.997,2
2.998,0
2.999,0
3,0
3.001,1
3.002,2
3.003,3
3.004,1
3.005,1
3.006,1
3.00700000000001,1
3.008,1
3.009,3
3.01000000000001,1
3.011,3
3.012,0
3.01300000000001,3
3.014,0
3.015,0
3.01600000000001,0
3.017,0
3.018,1
3.01900000000001,4
3.02,2
3.021,1
3.02200000000001,0
3.023,0
3.024,2
3.026,0
3.026,0
3.027,2
3.02800000000001,3
3.029,2
3.03,0
3.03100000000001,0
3.032,2
3.033,0
3.03399999999999,1
3.035,0
3.036,0
3.03699999999999,0
3.039,0
3.039,0
3.03999999999999,1
3.041,0
3.042,2
3.04299999999999,1
3.044,1
3.045,2
3.04599999999999,2
3.047,0
3.048,2
3.04899999999999,1
3.05,1
3.051,1
3.05199999999999,0
3.053,2
3.054,2
3.05499999999999,0
3.056,0
3.057,0
3.05799999999999,2
3.059,1
3.06,2
3.06099999999999,3
3.062,0
3.063,3
3.06399999999999,0
3.065,1
3.066,0
3.06699999999999,1
3.068,0
3.069,0
3.06999999999999,0
3.071,0
3.072,0
3.07299999999999,2
3.074,2
3.075,1
3.07599999999999,4
3.077,2
3.078,1
3.07899999999999,2
3.08,2
3.08199999999999,1
3.08199999999999,0
3.083,2
3.084,0
3.08499999999999,2
3.086,0
3.087,0
3.08799999999999,0
3.089,0
3.09,1
3.09099999999999,2
3.092,0
3.093,0
3.09399999999999,0
3.095,1
3.096,3
3.09699999999999,0
3.098,1
3.099,0
3.09999999999999,0
3.101,0
3.102,0
3.10299999999999,2
3.104,0
3.105,1
3.10599999999999,2
3.107,2
3.108,0
3.10899999999999,1
3.11,3
3.111,1
3.11199999999999,0
3.113,0
3.114,0
3.11499999999999,0
3.116,2
3.117,2
3.11799999999999,2
3.119,0
3.12,0
3.121,0
3.122,2
3.123,0
3.124,1
3.125,2
3.126,0
3.127,0
3.128,0
3.129,1
3.13,0
3.131,2
3.13200000000001,1
3.133,1
3.134,1
3.13500000000001,1
3.136,0
3.137,0
3.13800000000001,0
3.139,0
3.14,1
3.14100000000001,3
3.142,1
3.143,2
3.14400000000001,3
3.145,3
3.146,0
3.14700000000001,0
3.148,0
3.149,1
3.151,0
3.151,2
3.152,0
3.15300000000001,2
3.154,0
3.155,0
3.15600000000001,1
3.157,1
3.158,1
3.15899999999999,3
3.16,3
3.161,3
3.16199999999999,4
3.163,1
3.164,2
3.16499999999999,1
3.166,2
3.167,0
3.16799999999999,0
3.169,1
3.17,0
3.17099999999999,0
3.172,0
3.173,0
3.17399999999999,2
3.175,3
3.176,3
3.17699999999999,0
3.178,1
3.179,2
3.17999999999999,0
3.181,0
3.182,1
3.18299999999999,1
3.184,0
3.185,0
3.18599999999999,1
3.187,0
3.188,0
3.18899999999999,0
3.19,2
3.191,0
3.19199999999999,3
3.193,2
3.194,1
3.19499999999999,4
3.196,1
3.197,2
3.19799999999999,1
3.199,0
3.2,1
3.20099999999999,0
3.202,2
3.203,0
3.20399999999999,3
3.205,0
3.20699999999999,2
3.20699999999999,2
3.208,0
3.209,0
3.20999999999999,3
3.211,2
3.212,3
3.21299999999999,0
3.214,0
3.215,1
3.21599999999999,0
3.217,0
3.218,0
3.22,0
3.22,0
3.221,0
3.22199999999999,0
3.223,0
3.224,2
3.22499999999999,3
3.226,2
3.227,0
3.22799999999999,1
3.229,0
3.23,0
3.23099999999999,2
3.232,0
3.233,0
3.23399999999999,0
3.235,0
3.236,3
3.23699999999999,1
3.238,1
3.239,0
3.23999999999999,0
3.241,0
3.242,1
3.24299999999999,1
3.244,2
3.245,4
3.246,1
3.247,2
3.248,1
3.249,0
3.25,0
3.251,0
3.252,2
3.253,0
3.254,2
3.255,0
3.256,0
3.25700000000001,1
3.258,2
3.259,0
3.26000000000001,0
3.261,1
3.262,3
3.26300000000001,0
3.264,3
3.265,1
3.26600000000001,0
3.267,2
3.268,0
3.26900000000001,2
3.27,0
3.271,0
3.27200000000001,0
3.273,0
3.274,0
3.276,2
3.276,0
3.277,2
3.27800000000001,4
3.279,0
3.28,3
3.28100000000001,0
3.282,0
3.283,0
3.28399999999999,1
3.285,0
3.286,0
3.28699999999999,0
3.289,2
3.289,0
3.28999999999999,2
3.291,2
3.292,0
3.29299999999999,4
3.294,3
3.295,3
3.29599999999999,2
3.297,2
3.298,1
3.29899999999999,0
3.3,0
3.301,1
3.30199999999999,2
3.303,0
3.304,1
3.30499999999999,2
3.306,1
3.307,0
3.30799999999999,0
3.309,3
3.31,0
3.31099999999999,3
3.312,0
3.313,3
3.31399999999999,0
3.315,0
3.316,0
3.31699999999999,1
3.318,0
3.319,0
3.31999999999999,0
3.321,2
3.322,0
3.32299999999999,1
3.324,0
3.325,4
3.32599999999999,0
3.327,3
3.328,1
3.32899999999999,3
3.33,0
3.33199999999999,0
3.33199999999999,2
3.333,0
3.334,0
3.33499999999999,0
3.336,1
3.337,0
3.33799999999999,0
3.339,0
3.34,2
3.34099999999999,0
3.342,2
3.343,3
3.345,1
3.345,3
3.346,1
3.34699999999999,0
3.348,2
3.349,2
3.34999999999999,4
3.351,1
3.352,0
3.35299999999999,0
3.354,1
3.355,0
3.35599999999999,0
3.357,0
3.358,0
3.35899999999999,3
3.36,3
3.361,0
3.36199999999999,1
3.363,2
3.364,1
3.36499999999999,0
3.366,2
3.367,1
3.36799999999999,2
3.369,2
3.37,0
3.371,0
3.372,1
3.373,2
3.374,0
3.375,3
3.376,4
3.377,1
3.378,1
3.379,2
3.38,1
3.381,1
3.38200000000001,0
3.383,1
3.384,1
3.38500000000001,0
3.386,1
3.387,0
3.38800000000001,2
3.389,1
3.39,0
3.39100000000001,0
3.392,0
3.393,3
3.39400000000001,1
3.395,4
3.396,0
3.39700000000001,1
3.398,1
3.399,2
3.401,0
3.401,2
3.402,1
3.40300000000001,1
3.404,0
3.405,0
3.40600000000001,0
3.407,0
3.408,0
3.40899999999999,0
3.41,1
3.411,3
3.41199999999999,4
3.413,1
3.414,0
3.41499999999999,1
3.416,0
3.417,0
3.41799999999999,2
3.419,1
3.42,0
3.42099999999999,0
3.422,2
3.423,2
3.42399999999999,1
3.425,3
3.426,1
3.42699999999999,2
3.428,2
3.429,3
3.42999999999999,0
3.431,0
3.432,1
3.43299999999999,2
3.434,1
3.435,0
3.43599999999999,0
3.437,1
3.438,0
3.43899999999999,1
3.44,0
3.441,1
3.44199999999999,1
3.443,0
3.444,0
3.44499999999999,3
3.446,0
3.447,1
3.44799999999999,2
3.449,0
3.45,0
3.45099999999999,0
3.452,2
3.453,0
3.45399999999999,2
3.455,0
3.45699999999999,0
3.45699999999999,0
3.458,0
3.459,2
3.45999999999999,4
3.461,1
3.462,3
3.46299999999999,1
3.464,2
3.465,3
3.46599999999999,2
3.467,0
3.468,2
3.47,0
3.47,3
3.471,1
3.47199999999999,1
3.473,1
3.474,2
3.47499999999999,0
3.476,4
3.477,4
3.47799999999999,2
3.479,3
3.48,4
3.48099999999999,2
3.482,0
3.483,2
3.48399999999999,2
3.485,0
3.486,1
3.48699999999999,0
3.488,0
3.489,0
3.48999999999999,0
3.491,3
3.492,3
3.49299999999999,0
3.494,2
3.495,3
3.496,0
3.497,0
3.498,1
3.499,1
3.5,0
3.501,0
3.502,0
3.503,1
3.504,1
3.505,0
3.506,0
3.50700000000001,3
3.508,0
3.509,1
3.51000000000001,4
3.511,4
3.512,3
3.51300000000001,0
3.514,1
3.515,1
3.51600000000001,0
3.517,1
3.518,0
3.51900000000001,0
3.52,0
3.521,2
3.52200000000001,2
3.523,0
3.524,0
3.526,0
3.526,1
3.527,3
3.52800000000001,0
3.529,0
3.53,3
3.53100000000001,2
3.532,0
3.533,0
3.53399999999999,0
3.535,1
3.536,0
3.53699999999999,1
3.538,0
3.539,0
3.53999999999999,0
3.541,0
3.542,1
3.54299999999999,0
3.544,5
3.545,2
3.54599999999999,1
3.547,0
3.548,1
3.54899999999999,1
3.55,2
3.551,0
3.55199999999999,0
3.553,2
3.554,0
3.55499999999999,1
3.556,0
3.557,2
3.55799999999999,1
3.559,0
3.56,2
3.56099999999999,2
3.562,3
3.563,2
3.56399999999999,0
3.565,0
3.566,2
3.56699999999999,0
3.568,0
3.569,0
3.56999999999999,1
3.571,2
3.572,0
3.57299999999999,0
3.574,3
3.575,0
3.57599999999999,2
3.577,3
3.578,0
3.57899999999999,2
3.58,2
3.58199999999999,2
3.58199999999999,2
3.583,2
3.584,1
3.58499999999999,0
3.586,2
3.587,1
3.58799999999999,0
3.589,2
3.59,0
3.59099999999999,0
3.592,3
3.593,3
3.595,3
3.595,4
3.596,0
3.59699999999999,0
3.598,2
3.599,0
3.59999999999999,0
3.601,0
3.602,1
3.60299999999999,1
3.604,2
3.605,0
3.60599999999999,0
3.607,0
3.608,2
3.60899999999999,5
3.61,4
3.611,1
3.61199999999999,0
3.613,1
3.614,0
3.61499999999999,0
3.616,1
3.617,0
3.61799999999999,2
3.619,0
3.62,1
3.621,0
3.622,3
3.623,3
3.624,3
3.625,4
3.626,3
3.627,2
3.628,1
3.629,0
3.63,0
3.631,0
3.63200000000001,2
3.633,2
3.634,3
3.63500000000001,0
3.636,2
3.637,0
3.63800000000001,3
3.639,5
3.64,2
3.64100000000001,2
3.642,2
3.643,1
3.64400000000001,4
3.645,3
3.646,0
3.64700000000001,0
3.648,1
3.649,0
3.651,1
3.651,0
3.652,3
3.65300000000001,6
3.654,4
3.655,2
3.65600000000001,3
3.657,0
3.658,2
3.65899999999999,4
3.66,4
3.661,2
3.66199999999999,4
3.664,2
3.664,1
3.66499999999999,3
3.666,1
3.667,0
3.66799999999999,0
3.669,0
3.67,1
3.67099999999999,0
3.672,0
3.673,1
3.67399999999999,1
3.675,2
3.676,0
3.67699999999999,0
3.678,6
3.679,0
3.67999999999999,0
3.681,0
3.682,0
3.68299999999999,0
3.684,2
3.685,1
3.68599999999999,3
3.687,2
3.688,1
3.68899999999999,2
3.69,3
3.691,0
3.69199999999999,1
3.693,4
3.694,4
3.69499999999999,2
3.696,1
3.697,4
3.69799999999999,4
3.699,5
3.7,3
3.70099999999999,0
3.702,1
3.703,1
3.70399999999999,0
3.705,0
3.70699999999999,0
3.70699999999999,0
3.708,0
3.709,2
3.70999999999999,1
3.711,1
3.712,0
3.71299999999999,1
3.714,0
3.715,0
3.71599999999999,1
3.717,1
3.718,1
3.72,2
3.72,0
3.721,0
3.72199999999999,3
3.723,2
3.724,0
3.72499999999999,1
3.726,4
3.727,4
3.72799999999999,4
3.729,6
3.73,5
3.73099999999999,3
3.732,2
3.733,2
3.73399999999999,0
3.735,3
3.736,4
3.73699999999999,3
3.738,1
3.739,2
3.73999999999999,0
3.741,0
3.742,3
3.74299999999999,0
3.744,0
3.745,0
3.746,0
3.747,0
3.748,2
3.749,3
3.75,1
3.751,0
3.752,0
3.753,1
3.754,0
3.755,0
3.756,3
3.75700000000001,1
3.758,1
3.759,5
3.76000000000001,1
3.761,0
3.762,0
3.76300000000001,1
3.764,0
3.765,1
3.76600000000001,2
3.767,2
3.768,0
3.76900000000001,1
3.77,0
3.771,0
3.77200000000001,1
3.773,3
3.774,5
3.776,6
3.776,4
3.777,6
3.77800000000001,6
3.779,3
3.78,3
3.78100000000001,5
3.782,4
3.783,4
3.78399999999999,3
3.785,2
3.786,0
3.78699999999999,0
3.789,1
3.789,5
3.78999999999999,5
3.791,5
3.792,5
3.79299999999999,6
3.794,4
3.795,6
3.79599999999999,3
3.797,0
3.798,0
3.79899999999999,1
3.8,3
3.801,8
3.80199999999999,10
3.803,9
3.804,6
3.80499999999999,1
3.806,2
3.807,5
3.80799999999999,4
3.809,4
3.81,7
3.81099999999999,7
3.812,7
3.813,5
3.81399999999999,4
3.815,1
3.816,0
3.81699999999999,3
3.818,2
3.819,2
3.81999999999999,3
3.821,2
3.822,4
3.82299999999999,4
3.824,0
3.825,1
3.82599999999999,1
3.827,0
3.828,2
3.82899999999999,1
3.83,11
3.83199999999999,10
3.83199999999999,5
3.833,4
3.834,2
3.83499999999999,1
3.836,3
3.837,4
3.83799999999999,10
3.839,9
3.84,6
3.84099999999999,5
3.842,2
3.843,2
3.845,0
3.845,3
3.846,6
3.84699999999999,5
3.848,8
3.849,3
3.84999999999999,2
3.851,3
3.852,2
3.85299999999999,7
3.854,9
3.855,11
3.85599999999999,6
3.857,2
3.858,3
3.85899999999999,6
3.86,7
3.861,11
3.86199999999999,9
3.863,5
3.864,1
3.86499999999999,4
3.866,7
3.867,7
3.86799999999999,1
3.869,1
3.87,2
3.871,7
3.872,6
3.873,8
3.874,7
3.875,10
3.876,15
3.877,12
3.878,9
3.879,4
3.88,2
3.881,3
3.88200000000001,6
3.883,8
3.884,8
3.88500000000001,7
3.886,8
3.887,9
3.88800000000001,7
3.889,1
3.89,1
3.89100000000001,2
3.892,3
3.893,6
3.89400000000001,10
3.895,9
3.896,3
3.89700000000001,0
3.898,4
3.899,6
3.901,9
3.901,10
3.902,3
3.90300000000001,2
3.904,0
3.905,7
3.90600000000001,10
3.907,8
3.908,6
3.90899999999999,5
3.91,5
3.911,1
3.91199999999999,0
3.914,0
3.914,3
3.91499999999999,4
3.916,5
3.917,3
3.91799999999999,2
3.919,3
3.92,3
3.92099999999999,3
3.922,0
3.923,2
3.92399999999999,6
3.925,7
3.926,11
3.92699999999999,5
3.928,2
3.929,1
3.92999999999999,0
3.931,7
3.932,5
3.93299999999999,6
3.934,5
3.935,3
3.93599999999999,0
3.937,3
3.938,7
3.93899999999999,8
3.94,12
3.941,11
3.94199999999999,6
3.943,1
3.944,4
3.94499999999999,8
3.946,12
3.947,9
3.94799999999999,14
3.949,7
3.95,9
3.95099999999999,6
3.952,7
3.953,5
3.95399999999999,6
3.955,0
3.95699999999999,0
3.95699999999999,8
3.958,15
3.959,12
3.95999999999999,17
3.961,9
3.962,6
3.96299999999999,9
3.964,0
3.965,3
3.96599999999999,7
3.967,2
3.968,5
3.97,15
3.97,26
3.971,24
3.97199999999999,19
3.973,14
3.974,0
3.97499999999999,9
3.976,20
3.977,29
3.97799999999999,31
3.979,29
3.98,24
3.98099999999999,13
3.982,2
3.983,4
3.98399999999999,10
3.985,12
3.986,15
3.98699999999999,15
3.988,14
3.989,15
3.98999999999999,17
3.991,16
3.992,15
3.99299999999999,4
3.994,7
3.995,3
3.996,3
3.997,0
3.998,0
3.999,0
4,3
4.001,0
4.002,0
4.003,3
4.004,6
4.005,7
4.006,7
4.00700000000001,7
4.008,8
4.009,3
4.01000000000001,5
4.011,9
4.012,12
4.01300000000001,14
4.014,7
4.015,2
4.01600000000001,10
4.017,14
4.018,19
4.01900000000001,14
4.02,11
4.021,6
4.02200000000001,2
4.023,3
4.024,13
4.026,14
4.026,18
4.027,12
4.02800000000001,9
4.029,6
4.03,2
4.03100000000001,1
4.032,2
4.033,7
4.03399999999999,9
4.035,9
4.036,6
4.03699999999999,6
4.039,1
4.039,5
4.03999999999999,6
4.041,8
4.042,6
4.04299999999999,9
4.044,3
4.045,0
4.04599999999999,2
4.047,0
4.048,0
4.04899999999999,1
4.05,3
4.051,8
4.05199999999999,2
4.053,3
4.054,5
4.05499999999999,5
4.056,4
4.057,0
4.05799999999999,1
4.059,1
4.06,1
4.06099999999999,8
4.062,18
4.063,22
4.06399999999999,17
4.065,12
4.066,3
4.06699999999999,3
4.068,7
4.069,15
4.06999999999999,26
4.071,27
4.072,20
4.07299999999999,15
4.074,5
4.075,0
4.07599999999999,4
4.077,11
4.078,10
4.07899999999999,14
4.08,15
4.08199999999999,14
4.08199999999999,14
4.083,13
4.084,9
4.08499999999999,2
4.086,2
4.087,2
4.08799999999999,5
4.089,3
4.09,6
4.09099999999999,2
4.092,0
4.093,3
4.09399999999999,2
4.095,1
4.096,0
4.09699999999999,4
4.098,1
4.099,4
4.09999999999999,4
4.101,2
4.102,0
4.10299999999999,2
4.104,5
4.105,7
4.10599999999999,3
4.107,0
4.108,8
4.10899999999999,12
4.11,11
4.111,5
4.11199999999999,7
4.113,4
4.114,5
4.11499999999999,4
4.116,5
4.117,0
4.11799999999999,11
4.119,5
4.12,8
4.121,14
4.122,12
4.123,11
4.124,7
4.125,5
4.126,1
4.127,10
4.128,13
4.129,17
4.13,15
4.131,7
4.13200000000001,3
4.133,3
4.134,8
4.13500000000001,7
4.136,8
4.137,4
4.13800000000001,0
4.139,0
4.14,0
4.14100000000001,0
4.142,5
4.143,7
4.14400000000001,16
4.145,17
4.146,14
4.14700000000001,5
4.148,0
4.149,5
4.151,5
4.151,2
4.152,10
4.15300000000001,10
4.154,13
4.155,13
4.15600000000001,15
4.157,7
4.158,2
4.15899999999999,4
4.16,11
4.161,8
4.16199999999999,1
4.164,4
4.164,1
4.16499999999999,4
4.166,2
4.167,2
4.16799999999999,0
4.169,5
4.17,3
4.17099999999999,11
4.172,13
4.173,8
4.17399999999999,3
4.175,4
4.176,0
4.17699999999999,9
4.178,15
4.179,12
4.17999999999999,6
4.181,5
4.182,3
4.18299999999999,6
4.184,13
4.185,20
4.18599999999999,14
4.187,3
4.188,3
4.18899999999999,11
4.19,16
4.191,15
4.19199999999999,13
4.193,4
4.194,4
4.19499999999999,8
4.196,6
4.197,2
4.19799999999999,12
4.199,12
4.2,10
4.20099999999999,5
4.202,4
4.203,4
4.20399999999999,7
4.205,12
4.20699999999999,17
4.20699999999999,15
4.208,8
4.209,6
4.20999999999999,2
4.211,2
4.212,7
4.21299999999999,8
4.214,14
4.215,17
4.21599999999999,12
4.217,9
4.218,10
4.21899999999999,5
4.22,0
4.221,7
4.22199999999999,7
4.223,9
4.224,4
4.22499999999999,3
4.226,0
4.227,1
4.22799999999999,5
4.229,3
4.23,1
4.23099999999999,1
4.232,3
4.233,0
4.23399999999999,8
4.235,8
4.236,10
4.23699999999999,13
4.238,9
4.239,1
4.23999999999999,0
4.241,3
4.242,6
4.24299999999999,13
4.244,16
4.245,23
4.246,22
4.247,18
4.248,12
4.249,8
4.25,1
4.251,8
4.252,11
4.253,18
4.254,19
4.255,17
4.256,19
4.25700000000001,12
4.258,4
4.259,0
4.26000000000001,6
4.261,8
4.262,6
4.26300000000001,1
4.264,1
4.265,3
4.26600000000001,5
4.267,5
4.268,6
4.26900000000001,10
4.27,12
4.271,9
4.27200000000001,8
4.273,6
4.274,2
4.276,0
4.276,7
4.277,5
4.27800000000001,2
4.279,0
4.28,5
4.28100000000001,14
4.282,17
4.283,21
4.28399999999999,20
4.285,15
4.286,10
4.28699999999999,7
4.289,1
4.289,5
4.28999999999999,11
4.291,9
4.292,8
4.29299999999999,5
4.294,5
4.295,4
4.29599999999999,3
4.297,4
4.298,5
4.29899999999999,6
4.3,8
4.301,5
4.30199999999999,9
4.303,7
4.304,9
4.30499999999999,9
4.306,6
4.307,5
4.30799999999999,8
4.309,2
4.31,2
4.31099999999999,12
4.312,15
4.313,16
4.31399999999999,13
4.315,9
4.316,4
4.31699999999999,2
4.318,2
4.319,3
4.31999999999999,0
4.321,7
4.322,5
4.32299999999999,1
4.324,4
4.325,7
4.32599999999999,7
4.327,4
4.328,9
4.32899999999999,6
4.33,7
4.33199999999999,12
4.33199999999999,12
4.333,9
4.334,5
4.33499999999999,0
4.336,8
4.337,12
4.33799999999999,10
4.339,6
4.34,3
4.34099999999999,0
4.342,3
4.343,5
4.34399999999999,0
4.345,0
4.346,1
4.34699999999999,2
4.348,5
4.349,2
4.34999999999999,7
4.351,6
4.352,1
4.35299999999999,0
4.354,1
4.355,1
4.35599999999999,4
4.357,0
4.358,2
4.35899999999999,0
4.36,3
4.361,1
4.36199999999999,2
4.363,6
4.364,4
4.36499999999999,15
4.366,16
4.367,13
4.36799999999999,7
4.369,0
4.37,12
4.371,19
4.372,21
4.373,12
4.374,8
4.375,7
4.376,4
4.377,3
4.378,0
4.379,3
4.38,3
4.381,2
4.38200000000001,7
4.383,2
4.384,4
4.38500000000001,4
4.386,3
4.387,2
4.38800000000001,2
4.389,2
4.39,5
4.39100000000001,7
4.392,13
4.393,11
4.39400000000001,11
4.395,11
4.396,11
4.39700000000001,4
4.398,2
4.399,5
4.401,3
4.401,7
4.402,10
4.40300000000001,9
4.404,8
4.405,10
4.40600000000001,1
4.407,2
4.408,14
4.40899999999999,15
4.41,7
4.411,0
4.41199999999999,9
4.414,13
4.414,19
4.41499999999999,15
4.416,5
4.417,4
4.41799999999999,8
4.419,15
4.42,14
4.42099999999999,15
4.422,11
4.423,3
4.42399999999999,4
4.425,2
4.426,4
4.42699999999999,9
4.428,7
4.429,4
4.42999999999999,8
4.431,11
4.432,5
4.43299999999999,0
4.434,7
4.435,9
4.43599999999999,11
4.437,12
4.438,7
4.43899999999999,1
4.44,3
4.441,6
4.44199999999999,4
4.443,3
4.444,7
4.44499999999999,9
4.446,6
4.447,13
4.44799999999999,6
4.449,4
4.45,4
4.45099999999999,3
4.452,0
4.453,1
4.45399999999999,1
4.455,4
4.45699999999999,8
4.45699999999999,7
4.458,3
4.459,1
4.45999999999999,0
4.461,2
4.462,9
4.46299999999999,11
4.464,11
4.465,12
4.46599999999999,10
4.467,0
4.468,11
4.47,21
4.47,27
4.471,22
4.47199999999999,15
4.473,8
4.474,2
4.47499999999999,8
4.476,12
4.477,11
4.47799999999999,14
4.479,12
4.48,11
4.48099999999999,12
4.482,15
4.483,10
4.48399999999999,9
4.485,4
4.486,5
4.48699999999999,1
4.488,6
4.489,13
4.48999999999999,13
4.491,15
4.492,10
4.49299999999999,4
4.494,4
4.495,6
4.496,4
4.497,7
4.498,7
4.499,2
4.5,0
4.501,3
4.502,8
4.503,8
4.504,2
4.505,4
4.506,11
4.50700000000001,16
4.508,19
4.509,15
4.51000000000001,4
4.511,6
4.512,3
4.51300000000001,9
4.514,19
4.515,14
4.51600000000001,7
4.517,6
4.518,2
4.51900000000001,0
4.52,9
4.521,13
4.52200000000001,16
4.523,8
4.524,2
4.526,3
4.526,7
4.527,8
4.52800000000001,10
4.529,9
4.53,10
4.53100000000001,17
4.532,8
4.533,5
4.53399999999999,0
4.535,9
4.536,11
4.53699999999999,11
4.539,9
4.539,2
4.53999999999999,4
4.541,1
4.542,1
4.54299999999999,0
4.544,6
4.545,11
4.54599999999999,12
4.547,5
4.548,1
4.54899999999999,3
4.55,8
4.551,14
4.55199999999999,12
4.553,9
4.554,4
4.55499999999999,5
4.556,6
4.557,7
4.55799999999999,8
4.559,12
4.56,5
4.56099999999999,4
4.562,4
4.563,9
4.56399999999999,11
4.565,8
4.566,8
4.56699999999999,6
4.568,0
4.569,5
4.56999999999999,20
4.571,26
4.572,23
4.57299999999999,16
4.574,1
4.575,9
4.57599999999999,16
4.577,19
4.578,21
4.57899999999999,9
4.58,1
4.58199999999999,9
4.58199999999999,12
4.583,14
4.584,15
4.58499999999999,11
4.586,9
4.587,5
4.58799999999999,0
4.589,5
4.59,8
4.59099999999999,9
4.592,10
4.593,1
4.595,0
4.595,3
4.596,2
4.59699999999999,5
4.598,8
4.599,13
4.59999999999999,9
4.601,2
4.602,0
4.60299999999999,1
4.604,4
4.605,8
4.60599999999999,8
4.607,5
4.608,3
4.60899999999999,2
4.61,2
4.611,0
4.61199999999999,5
4.613,3
4.614,6
4.61499999999999,7
4.616,9
4.617,8
4.61799999999999,7
4.619,2
4.62,0
4.621,1
4.622,0
4.623,0
4.624,5
4.625,4
4.626,0
4.627,1
4.628,4
4.629,3
4.63,3
4.631,4
4.63200000000001,5
4.633,1
4.634,8
4.63500000000001,11
4.636,11
4.637,9
4.63800000000001,7
4.639,2
4.64,7
4.64100000000001,8
4.642,11
4.643,15
4.64400000000001,11
4.645,10
4.646,7
4.64700000000001,3
4.648,1
4.649,3
4.651,5
4.651,2
4.652,0
4.65300000000001,3
4.654,1
4.655,2
4.65600000000001,0
4.657,0
4.658,0
4.65899999999999,2
4.66,0
4.661,0
4.66199999999999,3
4.664,3
4.664,7
4.66499999999999,5
4.666,5
4.667,3
4.66799999999999,2
4.669,1
4.67,1
4.67099999999999,3
4.672,9
4.673,5
4.67399999999999,5
4.675,6
4.676,5
4.67699999999999,2
4.678,5
4.679,5
4.67999999999999,1
4.681,0
4.682,4
4.68299999999999,2
4.684,4
4.685,4
4.68599999999999,1
4.687,3
4.688,1
4.68899999999999,0
4.69,0
4.691,1
4.69199999999999,6
4.693,8
4.694,7
4.69499999999999,6
4.696,7
4.697,2
4.69799999999999,4
4.699,12
4.7,14
4.70099999999999,14
4.702,10
4.703,7
4.70399999999999,2
4.705,4
4.70699999999999,11
4.70699999999999,17
4.708,15
4.709,13
4.70999999999999,7
4.711,2
4.712,2
4.71299999999999,7
4.714,10
4.715,5
4.71599999999999,3
4.717,2
4.718,9
4.72,3
4.72,6
4.721,7
4.72199999999999,6
4.723,7
4.724,6
4.72499999999999,3
4.726,0
4.727,5
4.72799999999999,9
4.729,5
4.73,0
4.73099999999999,3
4.732,4
4.733,3
4.73399999999999,3
4.735,0
4.736,0
4.73699999999999,4
4.738,0
4.739,0
4.73999999999999,2
4.741,1
4.742,1
4.74299999999999,6
4.744,3
4.745,0
4.746,2
4.747,10
4.748,13
4.749,9
4.75,9
4.751,11
4.752,8
4.753,5
4.754,0
4.755,3
4.756,3
4.75700000000001,9
4.758,7
4.759,5
4.76000000000001,9
4.761,11
4.762,16
4.76300000000001,10
4.764,11
4.765,3
4.76600000000001,0
4.767,9
4.768,13
4.76900000000001,16
4.77,20
4.771,23
4.77200000000001,23
4.773,16
4.774,2
4.776,5
4.776,10
4.777,15
4.77800000000001,20
4.779,15
4.78,8
4.78100000000001,3
4.782,0
4.783,2
4.78399999999999,5
4.785,7
4.786,7
4.78699999999999,8
4.789,6
4.789,6
4.78999999999999,4
4.791,0
4.792,0
4.79299999999999,0
4.794,4
4.795,3
4.79599999999999,2
4.797,4
4.798,2
4.79899999999999,0
4.8,1
4.801,4
4.80199999999999,8
4.803,4
4.804,3
4.80499999999999,3
4.806,0
4.807,2
4.80799999999999,3
4.809,2
4.81,4
4.81099999999999,0
4.812,0
4.813,3
4.81399999999999,1
4.815,1
4.816,3
4.81699999999999,0
4.818,4
4.819,4
4.81999999999999,7
4.821,0
4.822,2
4.82299999999999,7
4.824,11
4.825,6
4.82599999999999,5
4.827,3
4.828,1
4.82899999999999,5
4.83,16
4.83199999999999,7
4.83199999999999,1
4.833,2
4.834,2
4.83499999999999,7
4.836,9
4.837,7
4.83799999999999,9
4.839,12
4.84,5
4.84099999999999,0
4.842,0
4.843,4
4.845,2
4.845,7
4.846,10
4.84699999999999,8
4.848,0
4.849,0
4.84999999999999,3
4.851,2
4.852,3
4.85299999999999,5
4.854,3
4.855,4
4.85599999999999,4
4.857,2
4.858,3
4.85899999999999,5
4.86,2
4.861,0
4.86199999999999,0
4.863,0
4.864,1
4.86499999999999,0
4.866,1
4.867,1
4.86799999999999,2
4.869,0
4.87,3
4.871,0
4.872,0
4.873,4
4.874,3
4.875,3
4.876,2
4.877,3
4.878,10
4.879,8
4.88,9
4.881,9
4.88200000000001,11
4.883,9
4.884,2
4.88500000000001,6
4.886,13
4.887,15
4.88800000000001,14
4.889,13
4.89,7
4.89100000000001,2
4.892,3
4.893,4
4.89400000000001,5
4.895,5
4.896,5
4.89700000000001,4
4.898,5
4.899,2
4.901,4
4.901,5
4.902,6
4.90300000000001,3
4.904,4
4.905,2
4.90600000000001,2
4.907,2
4.908,2
4.90899999999999,3
4.91,0
4.911,0
4.91199999999999,2
4.914,2
4.914,0
4.91499999999999,2
4.916,0
4.917,4
4.91799999999999,3
4.919,1
4.92,0
4.92099999999999,1
4.922,0
4.923,2
4.92399999999999,0
4.925,1
4.926,4
4.92699999999999,7
4.928,7
4.929,5
4.92999999999999,2
4.931,1
4.932,1
4.93299999999999,3
4.934,5
4.935,4
4.93599999999999,3
4.937,1
4.938,0
4.93899999999999,2
4.94,0
4.941,0
4.94199999999999,1
4.943,3
4.944,1
4.94499999999999,6
4.946,6
4.947,2
4.94799999999999,1
4.949,0
4.95,2
4.95099999999999,1
4.952,0
4.953,1
4.95399999999999,4
4.955,0
4.95699999999999,0
4.95699999999999,2
4.958,3
4.959,0
4.95999999999999,0
4.961,2
4.962,1
4.96299999999999,2
4.964,0
4.965,3
4.96599999999999,5
4.967,3
4.968,4
4.97,4
4.97,2
4.971,1
4.97199999999999,0
4.973,2
4.974,4
4.97499999999999,3
4.976,5
4.977,4
4.97799999999999,2
4.979,3
4.98,0
4.98099999999999,0
4.982,2
4.983,0
4.98399999999999,0
4.985,2
4.986,2
4.98699999999999,0
4.988,1
4.989,2
4.98999999999999,0
4.991,3
4.992,1
4.99299999999999,2
4.994,0
4.995,0
4.996,0
4.997,0
4.998,2
4.999,0
5,0
5.001,0
5.002,5
5.003,4
5.004,5
5.005,1
5.006,4
5.00700000000001,0
5.008,2
5.009,2
5.01000000000001,0
5.011,1
5.012,6
5.01300000000001,4
5.014,0
5.015,0
5.01600000000001,0
5.017,1
5.018,0
5.01900000000001,0
5.02,0
5.021,2
5.02200000000001,0
5.023,3
5.024,2
5.026,4
5.026,4
5.027,3
5.02800000000001,3
5.029,3
5.03,0
5.03100000000001,3
5.032,0
5.033,2
5.03399999999999,3
5.035,3
5.036,0
5.03699999999999,3
5.039,0
5.039,4
5.03999999999999,2
5.041,2
5.042,1
5.04299999999999,0
5.044,3
5.045,4
5.04599999999999,2
5.047,3
5.048,0
5.04899999999999,2
5.05,1
5.051,0
5.05199999999999,0
5.053,0
5.054,1
5.05499999999999,0
5.056,3
5.057,3
5.05799999999999,6
5.059,0
5.06,1
5.06099999999999,0
5.062,0
5.063,2
5.06399999999999,3
5.065,0
5.066,0
5.06699999999999,0
5.068,0
5.069,0
5.06999999999999,3
5.071,1
5.072,1
5.07299999999999,2
5.074,0
5.075,2
5.07599999999999,4
5.077,4
5.078,0
5.07899999999999,4
5.08,1
5.08199999999999,2
5.08199999999999,0
5.083,0
5.084,2
5.08499999999999,0
5.086,3
5.087,0
5.08799999999999,0
5.089,3
5.09,3
5.09099999999999,0
5.092,3
5.093,3
5.095,0
5.095,0
5.096,2
5.09699999999999,1
5.098,2
5.099,0
5.09999999999999,3
5.101,0
5.102,3
5.10299999999999,5
5.104,2
5.105,4
5.10599999999999,2
5.107,0
5.108,2
5.10899999999999,7
5.11,7
5.111,1
5.11199999999999,2
5.113,0
5.114,0
5.11499999999999,0
5.116,0
5.117,2
5.11799999999999,2
5.119,0
5.12,2
5.121,1
5.122,0
5.123,2
5.124,0
5.125,0
5.126,3
5.127,4
5.128,3
5.129,5
5.13,0
5.131,0
5.13200000000001,0
5.133,0
5.134,2
5.13500000000001,0
5.136,4
5.137,0
5.13800000000001,0
5.139,2
5.14,2
5.14100000000001,2
5.142,4
5.143,2
5.14400000000001,5
5.145,3
5.146,5
5.14700000000001,5
5.148,0
5.149,6
5.151,1
5.151,2
5.152,2
5.15300000000001,1
5.154,1
5.155,0
5.15600000000001,1
5.157,2
5.158,1
5.15899999999999,4
5.16,0
5.161,0
5.16199999999999,1
5.164,4
5.164,2
5.16499999999999,5
5.166,3
5.167,1
5.16799999999999,0
5.169,0
5.17,2
5.17099999999999,0
5.172,0
5.173,2
5.17399999999999,3
5.175,6
5.176,2
5.17699999999999,1
5.178,4
5.179,3
5.17999999999999,3
5.181,0
5.182,4
5.18299999999999,4
5.184,3
5.185,4
5.18599999999999,4
5.187,0
5.188,1
5.18899999999999,0
5.19,1
5.191,0
5.19199999999999,2
5.193,2
5.194,1
5.19499999999999,4
5.196,0
5.197,2
5.19799999999999,2
5.199,2
5.2,3
5.20099999999999,3
5.202,2
5.203,0
5.20399999999999,1
5.205,0
5.20699999999999,1
5.20699999999999,2
5.208,3
5.209,0
5.20999999999999,3
5.211,3
5.212,3
5.21299999999999,1
5.214,1
5.215,0
5.21599999999999,0
5.217,0
5.218,0
5.22,0
5.22,1
5.221,0
5.22199999999999,2
5.223,3
5.224,2
5.22499999999999,0
5.226,0
5.227,1
5.22799999999999,3
5.229,1
5.23,1
5.23099999999999,2
5.232,3
5.233,0
5.23399999999999,0
5.235,0
5.236,0
5.23699999999999,1
5.238,2
5.239,2
5.23999999999999,0
5.241,2
5.242,1
5.24299999999999,0
5.244,1
5.245,0
5.246,0
5.247,0
5.248,1
5.249,1
5.25,4
5.251,0
5.252,0
5.253,1
5.254,0
5.255,1
5.256,1
5.25700000000001,2
5.258,4
5.259,2
5.26000000000001,3
5.261,1
5.262,1
5.26300000000001,0
5.264,0
5.265,0
5.26600000000001,1
5.267,1
5.268,1
5.26900000000001,0
5.27,0
5.271,4
5.27200000000001,0
5.273,2
5.274,2
5.276,0
5.276,0
5.277,3
5.27800000000001,3
5.279,2
5.28,3
5.28100000000001,2
5.282,0
5.283,0
5.28399999999999,0
5.285,1
5.286,0
5.28699999999999,4
5.289,3
5.289,0
5.28999999999999,2
5.291,0
5.292,1
5.29299999999999,0
5.294,0
5.295,2
5.29599999999999,4
5.297,1
5.298,3
5.29899999999999,0
5.3,1
5.301,1
5.30199999999999,1
5.303,0
5.304,0
5.30499999999999,0
5.306,2
5.307,0
5.30799999999999,2
5.309,4
5.31,4
5.31099999999999,2
5.312,1
5.313,3
5.31399999999999,0
5.315,0
5.316,1
5.31699999999999,0
5.318,1
5.319,0
5.31999999999999,2
5.321,1
5.322,0
5.32299999999999,0
5.324,2
5.325,1
5.32599999999999,0
5.327,0
5.328,2
5.32899999999999,2
5.33,0
5.33199999999999,1
5.33199999999999,0
5.333,2
5.334,0
5.33499999999999,1
5.336,0
5.337,0
5.33799999999999,0
5.339,0
5.34,0
5.34099999999999,1
5.342,2
5.343,2
5.345,1
5.345,0
5.346,4
5.34699999999999,0
5.348,0
5.349,0
5.34999999999999,0
5.351,0
5.352,0
5.35299999999999,0
5.354,2
5.355,1
5.35599999999999,0
5.357,1
5.358,0
5.35899999999999,1
5.36,0
5.361,1
5.36199999999999,2
5.363,0
5.364,0
5.36499999999999,2
5.366,0
5.367,0
5.36799999999999,2
5.369,0
5.37,0
5.371,2
5.372,2
5.373,0
5.374,2
5.375,1
5.376,3
5.377,1
5.378,0
5.379,0
5.38,0
5.381,0
5.38200000000001,1
5.383,2
5.384,1
5.38500000000001,2
5.386,0
5.387,1
5.38800000000001,3
5.389,0
5.39,1
5.39100000000001,2
5.392,1
5.393,3
5.39400000000001,3
5.395,0
5.396,1
5.39700000000001,3
5.398,2
5.399,1
5.401,2
5.401,1
5.402,1
5.40300000000001,0
5.404,1
5.405,1
5.40600000000001,0
5.407,0
5.408,3
5.40899999999999,0
5.41,0
5.411,2
5.41199999999999,2
5.414,1
5.414,0
5.41499999999999,0
5.416,0
5.417,1
5.41799999999999,0
5.419,0
5.42,0
5.42099999999999,0
5.422,0
5.423,1
5.42399999999999,0
5.425,0
5.426,1
5.42699999999999,1
5.428,3
5.429,0
5.42999999999999,1
5.431,0
5.432,0
5.43299999999999,2
5.434,0
5.435,0
5.43599999999999,1
5.437,2
5.438,2
5.43899999999999,0
5.44,1
5.441,1
5.44199999999999,0
5.443,0
5.444,3
5.44499999999999,3
5.446,3
5.447,2
5.44799999999999,1
5.449,1
5.45,0
5.45099999999999,0
5.452,1
5.453,0
5.45399999999999,0
5.455,1
5.45699999999999,0
5.45699999999999,1
5.458,2
5.459,3
5.45999999999999,2
5.461,1
5.462,3
5.46299999999999,2
5.464,0
5.465,1
5.46599999999999,1
5.467,2
5.468,1
5.47,1
5.47,0
5.471,3
5.47199999999999,0
5.473,2
5.474,0
5.47499999999999,2
5.476,1
5.477,3
5.47799999999999,0
5.479,3
5.48,0
5.48099999999999,1
5.482,0
5.483,0
5.48399999999999,0
5.485,0
5.486,2
5.48699999999999,0
5.488,1
5.489,0
5.48999999999999,0
5.491,0
5.492,3
5.49299999999999,3
5.494,3
5.495,4
5.496,2
5.497,1
5.498,1
5.499,1
5.5,0
5.501,2
5.502,1
5.503,0
5.504,0
5.505,0
5.506,1
5.50700000000001,2
5.508,0
5.509,1
5.51000000000001,2
5.511,2
5.512,1
5.51300000000001,1
5.514,0
5.515,1
5.51600000000001,0
5.517,2
5.518,2
5.51900000000001,0
5.52,0
5.521,0
5.52200000000001,1
5.523,1
5.524,3
5.526,2
5.526,4
5.527,0
5.52800000000001,2
5.529,2
5.53,0
5.53100000000001,0
5.532,1
5.533,0
5.53399999999999,1
5.535,0
5.536,2
5.53699999999999,0
5.539,0
5.539,2
5.53999999999999,0
5.541,1
5.542,1
5.54299999999999,2
5.544,2
5.545,1
5.54599999999999,0
5.547,1
5.548,2
5.54899999999999,2
5.55,0
5.551,0
5.55199999999999,0
5.553,0
5.554,0
5.55499999999999,0
5.556,0
5.557,0
5.55799999999999,0
5.559,2
5.56,0
5.56099999999999,2
5.562,4
5.563,0
5.56399999999999,1
5.565,0
5.566,0
5.56699999999999,2
5.568,1
5.569,1
5.56999999999999,2
5.571,2
5.572,0
5.57299999999999,0
5.574,1
5.575,0
5.57599999999999,4
5.577,4
5.578,4
5.57899999999999,0
5.58,2
5.58199999999999,3
5.58199999999999,0
5.583,0
5.584,2
5.58499999999999,2
5.586,3
5.587,0
5.58799999999999,1
5.589,1
5.59,2
5.59099999999999,2
5.592,2
5.593,4
5.595,4
5.595,3
5.596,3
5.59699999999999,1
5.598,2
5.599,0
5.59999999999999,0
5.601,0
5.602,1
5.60299999999999,2
5.604,2
5.605,2
5.60599999999999,1
5.607,2
5.608,0
5.60899999999999,0
5.61,1
5.611,0
5.61199999999999,2
5.613,0
5.614,1
5.61499999999999,0
5.616,2
5.617,0
5.61799999999999,0
5.619,0
5.62,2
5.621,2
5.622,2
5.623,0
5.624,0
5.625,0
5.626,3
5.627,3
5.628,0
5.629,0
5.63,2
5.631,0
5.63200000000001,0
5.633,1
5.634,0
5.63500000000001,3
5.636,0
5.637,0
5.63800000000001,1
5.639,1
5.64,0
5.64100000000001,1
5.642,0
5.643,2
5.64400000000001,1
5.645,3
5.646,1
5.64700000000001,2
5.648,0
5.649,0
5.651,0
5.651,0
5.652,0
5.65300000000001,0
5.654,0
5.655,0
5.65600000000001,2
5.657,0
5.658,2
5.65899999999999,0
5.66,0
5.661,3
5.66199999999999,3
5.664,2
5.664,2
5.66499999999999,2
5.666,0
5.667,0
5.66799999999999,1
5.669,2
5.67,0
5.67099999999999,1
5.672,0
5.673,0
5.67399999999999,0
5.675,0
5.676,1
5.67699999999999,1
5.678,2
5.679,3
5.67999999999999,3
5.681,2
5.682,0
5.68299999999999,1
5.684,0
5.685,1
5.68599999999999,0
5.687,0
5.688,1
5.68899999999999,0
5.69,0
5.691,1
5.69199999999999,1
5.693,3
5.694,3
5.69499999999999,0
5.696,3
5.697,0
5.69799999999999,1
5.699,0
5.7,0
5.70099999999999,0
5.702,0
5.703,1
5.70399999999999,0
5.705,0
5.70699999999999,0
5.70699999999999,2
5.708,2
5.709,0
5.70999999999999,2
5.711,1
5.712,0
5.71299999999999,0
5.714,3
5.715,1
5.71599999999999,0
5.717,2
5.718,0
5.72,2
5.72,0
5.721,2
5.72199999999999,0
5.723,0
5.724,0
5.72499999999999,1
5.726,0
5.727,2
5.72799999999999,0
5.729,0
5.73,3
5.73099999999999,0
5.732,1
5.733,2
5.73399999999999,0
5.735,0
5.736,0
5.73699999999999,0
5.738,0
5.739,0
5.73999999999999,0
5.741,1
5.742,2
5.74299999999999,2
5.744,3
5.745,5
5.746,3
5.747,0
5.748,0
5.749,1
5.75,3
5.751,0
5.752,2
5.753,0
5.754,1
5.755,0
5.756,0
5.75700000000001,1
5.758,3
5.759,0
5.76000000000001,3
5.761,1
5.762,4
5.76300000000001,4
5.764,3
5.765,0
5.76600000000001,2
5.767,1
5.768,1
5.76900000000001,0
5.77,0
5.771,1
5.77200000000001,0
5.773,1
5.774,2
5.776,0
5.776,0
5.777,0
5.77800000000001,0
5.779,3
5.78,2
5.78100000000001,2
5.782,1
5.783,2
5.78399999999999,0
5.785,0
5.786,0
5.78699999999999,0
5.788,0
5.789,2
5.78999999999999,0
5.791,1
5.792,1
5.79299999999999,0
5.794,3
5.795,1
5.79599999999999,3
5.797,3
5.798,0
5.79899999999999,0
5.8,1
5.801,1
5.80199999999999,0
5.803,1
5.804,0
5.80499999999999,1
5.806,0
5.807,1
5.80799999999999,2
5.809,0
5.81,1
5.81099999999999,3
5.812,3
5.813,1
5.81399999999999,0
5.815,2
5.816,2
5.81699999999999,2
5.818,1
5.819,1
5.81999999999999,1
5.821,2
5.822,0
5.82299999999999,1
5.824,2
5.825,2
5.82599999999999,3
5.827,3
5.828,4
5.82899999999999,1
5.83,3
5.83199999999999,0
5.83199999999999,0
5.833,0
5.834,1
5.83499999999999,0
5.836,2
5.837,0
5.83799999999999,0
5.839,1
5.84,0
5.84099999999999,2
5.842,0
5.843,0
5.845,0
5.845,0
5.846,2
5.84699999999999,3
5.848,2
5.849,1
5.84999999999999,0
5.851,0
5.852,0
5.85299999999999,1
5.854,0
5.855,0
5.85599999999999,0
5.857,0
5.858,0
5.85899999999999,0
5.86,4
5.861,2
5.86199999999999,2
5.863,0
5.864,2
5.86499999999999,2
5.866,0
5.867,2
5.86799999999999,0
5.869,0
5.87,0
5.871,2
5.872,0
5.873,0
5.874,2
5.875,1
5.876,0
5.877,0
5.878,0
5.879,0
5.88,0
5.881,2
5.88200000000001,3
5.883,0
5.884,0
5.88500000000001,1
5.886,2
5.887,1
5.88800000000001,1
5.889,1
5.89,0
5.89100000000001,2
5.892,0
5.893,0
5.89400000000001,0
5.895,1
5.896,0
5.89700000000001,1
5.898,2
5.899,0
5.901,0
5.901,1
5.902,0
5.90300000000001,0
5.904,2
5.905,2
5.90600000000001,0
5.907,0
5.908,2
5.90899999999999,0
5.91,0
5.911,2
5.91199999999999,1
5.913,2
5.914,2
5.91499999999999,2
5.916,0
5.917,0
5.91799999999999,0
5.919,0
5.92,0
5.92099999999999,0
5.922,0
5.923,2
5.92399999999999,0
5.925,0
5.926,2
5.92699999999999,2
5.928,0
5.929,0
5.92999999999999,2
5.931,0
5.932,0
5.93299999999999,2
5.934,2
5.935,1
5.93599999999999,2
5.937,3
5.938,1
5.93899999999999,1
5.94,0
5.941,1
5.94199999999999,2
5.943,2
5.944,2
5.94499999999999,4
5.946,3
5.947,0
5.94799999999999,1
5.949,1
5.95,0
5.95099999999999,1
5.952,2
5.953,0
5.95399999999999,1
5.955,0
5.95699999999999,2
5.95699999999999,0
5.958,2
5.959,1
5.95999999999999,3
5.961,3
5.962,1
5.96299999999999,2
5.964,3
5.965,0
5.96599999999999,0
5.967,0
5.968,0
5.97,1
5.97,2
5.971,0
5.97199999999999,1
5.973,0
5.974,0
5.97499999999999,0
5.976,1
5.977,3
5.97799999999999,2
5.979,4
5.98,0
5.98099999999999,0
5.982,1
5.983,1
5.98399999999999,1
5.985,1
5.986,0
5.98699999999999,0
5.988,0
5.989,0
5.98999999999999,0
5.991,1
5.992,3
5.99299999999999,1
5.994,2
5.995,2
5.996,3
5.997,1
5.998,3
5.999,3
6,0
6.001,1
6.002,0
6.003,2
6.004,1
6.005,2
6.006,1
6.00700000000001,0
6.008,0
6.009,0
6.01000000000001,1
6.011,1
6.012,3
6.01300000000001,4
6.014,0
6.015,2
6.01600000000001,0
6.017,0
6.018,1
6.01900000000001,0
6.02,0
6.021,1
6.02200000000001,0
6.023,0
6.024,0
6.026,0
6.026,0
6.027,2
6.02800000000001,0
6.029,0
6.03,3
6.03100000000001,2
6.032,1
6.033,0
6.03399999999999,0
6.035,0
6.036,0
6.03699999999999,0
6.039,0
6.039,1
6.03999999999999,3
6.041,1
6.042,0
6.04299999999999,0
6.044,0
6.045,3
6.04599999999999,2
6.047,3
6.048,1
6.04899999999999,0
6.05,0
6.051,0
6.05199999999999,2
6.053,1
6.054,0
6.05499999999999,0
6.056,2
6.057,0
6.05799999999999,3
6.059,0
6.06,2
6.06099999999999,2
6.062,4
6.063,2
6.06399999999999,3
6.065,0
6.066,0
6.06699999999999,1
6.068,1
6.069,0
6.06999999999999,1
6.071,0
6.072,2
6.07299999999999,2
6.074,2
6.075,0
6.07599999999999,0
6.077,3
6.078,1
6.07899999999999,4
6.08,1
6.08199999999999,3
6.08199999999999,1
6.083,2
6.084,0
6.08499999999999,1
6.086,3
6.087,2
6.08799999999999,2
6.089,0
6.09,0
6.09099999999999,1
6.092,1
6.093,3
6.09399999999999,3
6.095,4
6.096,0
6.09699999999999,0
6.098,1
6.099,0
6.09999999999999,0
6.101,1
6.102,0
6.10299999999999,0
6.104,1
6.105,2
6.10599999999999,2
6.107,0
6.108,1
6.10899999999999,1
6.11,3
6.111,0
6.11199999999999,3
6.113,2
6.114,0
6.11499999999999,2
6.116,1
6.117,1
6.11799999999999,2
6.119,1
6.12,0
6.121,0
6.122,0
6.123,2
6.124,0
6.125,2
6.126,2
6.127,0
6.128,0
6.129,1
6.13,1
6.131,2
6.13200000000001,0
6.133,1
6.134,0
6.13500000000001,2
6.136,0
6.137,0
6.13800000000001,0
6.139,0
6.14,0
6.14100000000001,0
6.142,1
6.143,2
6.14400000000001,1
6.145,1
6.146,4
6.14700000000001,2
6.148,0
6.149,1
6.151,1
6.151,1
6.152,1
6.15300000000001,2
6.154,0
6.155,0
6.15600000000001,0
6.157,1
6.158,0
6.15899999999999,2
6.16,1
6.161,2
6.16199999999999,4
6.164,1
6.164,3
6.16499999999999,0
6.166,0
6.167,0
6.16799999999999,0
6.169,0
6.17,2
6.17099999999999,2
6.172,2
6.173,0
6.17399999999999,2
6.175,0
6.176,0
6.17699999999999,2
6.178,2
6.179,3
6.17999999999999,3
6.181,2
6.182,0
6.18299999999999,0
6.184,0
6.185,0
6.18599999999999,0
6.187,0
6.188,0
6.18899999999999,0
6.19,0
6.191,2
6.19199999999999,2
6.193,3
6.194,0
6.19499999999999,0
6.196,2
6.197,0
6.19799999999999,0
6.199,0
6.2,0
6.20099999999999,1
6.202,0
6.203,0
6.20399999999999,0
6.205,0
6.20699999999999,1
6.20699999999999,1
6.208,0
6.209,0
6.20999999999999,1
6.211,2
6.212,3
6.21299999999999,4
6.214,2
6.215,0
6.21599999999999,0
6.217,0
6.218,0
6.21899999999999,1
6.22,0
6.221,0
6.22199999999999,0
6.223,0
6.224,2
6.22499999999999,2
6.226,2
6.227,2
6.22799999999999,3
6.229,0
6.23,3
6.23099999999999,1
6.232,0
6.233,0
6.23399999999999,2
6.235,0
6.236,1
6.23699999999999,1
6.238,0
6.239,0
6.23999999999999,0
6.241,0
6.242,3
6.24299999999999,3
6.244,2
6.245,3
6.246,4
6.247,1
6.248,0
6.249,0
6.25,2
6.251,0
6.252,1
6.253,1
6.254,1
6.255,0
6.256,0
6.25700000000001,0
6.258,0
6.259,2
6.26000000000001,2
6.261,2
6.262,3
6.26300000000001,2
6.264,2
6.265,1
6.26600000000001,2
6.267,0
6.268,0
6.26900000000001,2
6.27,0
6.271,3
6.27200000000001,0
6.273,3
6.274,0
6.276,2
6.276,0
6.277,1
6.27800000000001,0
6.279,2
6.28,0
6.28100000000001,1
6.282,0
6.283,0
6.28399999999999,1
6.285,2
6.286,2
6.28699999999999,2
6.289,0
6.289,2
6.28999999999999,0
6.291,0
6.292,3
6.29299999999999,3
6.294,0
6.295,2
6.29599999999999,3
6.297,1
6.298,0
6.29899999999999,0
6.3,1
6.301,0
6.30199999999999,0
6.303,2
6.304,0
6.30499999999999,0
6.306,1
6.307,2
6.30799999999999,0
6.309,0
6.31,2
6.31099999999999,3
6.312,2
6.313,2
6.31399999999999,0
6.315,2
6.316,1
6.31699999999999,0
6.318,0
6.319,2
6.31999999999999,0
6.321,0
6.322,0
6.32299999999999,0
6.324,0
6.325,2
6.32599999999999,1
6.327,0
6.328,3
6.32899999999999,3
6.33,1
6.33199999999999,2
6.33199999999999,2
6.333,0
6.334,0
6.33499999999999,0
6.336,0
6.337,3
6.33799999999999,1
6.339,0
6.34,0
6.34099999999999,0
6.342,0
6.343,0
6.345,0
6.345,2
6.346,1
6.34699999999999,0
6.348,2
6.349,0
6.34999999999999,0
6.351,0
6.352,0
6.35299999999999,0
6.354,0
6.355,0
6.35599999999999,0
6.357,2
6.358,1
6.35899999999999,2
6.36,2
6.361,3
6.36199999999999,4
6.363,4
6.364,0
6.36499999999999,1
6.366,0
6.367,1
6.36799999999999,0
6.369,0
6.37,0
6.371,1
6.372,1
6.373,1
6.374,1
6.375,0
6.376,0
6.377,2
6.378,1
6.379,0
6.38,0
6.381,0
6.38200000000001,0
6.383,0
6.384,3
6.38500000000001,0
6.386,0
6.387,0
6.38800000000001,0
6.389,0
6.39,2
6.39100000000001,1
6.392,2
6.393,2
6.39400000000001,1
6.395,4
6.396,4
6.39700000000001,2
6.398,0
6.399,3
6.401,1
6.401,3
6.402,0
6.40300000000001,0
6.404,2
6.405,2
6.40600000000001,0
6.407,4
6.408,5
6.40899999999999,6
6.41,3
6.411,0
6.41199999999999,0
6.414,2
6.414,0
6.41499999999999,2
6.416,5
6.417,0
6.41799999999999,0
6.419,1
6.42,1
6.42099999999999,0
6.422,3
6.423,0
6.42399999999999,2
6.425,2
6.426,3
6.42699999999999,2
6.428,2
6.429,0
6.42999999999999,4
6.431,1
6.432,1
6.43299999999999,2
6.434,0
6.435,2
6.43599999999999,0
6.437,0
6.438,0
6.43899999999999,1
6.44,1
6.441,0
6.44199999999999,2
6.443,2
6.444,0
6.44499999999999,1
6.446,2
6.447,0
6.44799999999999,1
6.449,3
6.45,2
6.45099999999999,0
6.452,0
6.453,0
6.45399999999999,0
6.455,1
6.45699999999999,3
6.45699999999999,3
6.458,2
6.459,3
6.45999999999999,4
6.461,0
6.462,3
6.46299999999999,0
6.464,0
6.465,2
6.46599999999999,0
6.467,0
6.468,0
6.47,1
6.47,0
6.471,0
6.47199999999999,0
6.473,1
6.474,0
6.47499999999999,0
6.476,1
6.477,0
6.47799999999999,3
6.479,0
6.48,1
6.48099999999999,1
6.482,0
6.483,0
6.48399999999999,1
6.485,4
6.486,1
6.48699999999999,2
6.488,3
6.489,3
6.48999999999999,2
6.491,1
6.492,5
6.49299999999999,9
6.494,4
6.495,6
6.496,2
6.497,3
6.498,3
6.499,2
6.5,0
6.501,2
6.502,4
6.503,4
6.504,1
6.505,0
6.506,0
6.50700000000001,0
6.508,1
6.509,4
6.51000000000001,2
6.511,3
6.512,5
6.51300000000001,4
6.514,6
6.515,0
6.51600000000001,3
6.517,0
6.518,1
6.51900000000001,1
6.52,0
6.521,1
6.52200000000001,4
6.523,2
6.524,7
6.526,7
6.526,10
6.527,8
6.52800000000001,3
6.529,0
6.53,3
6.53100000000001,4
6.532,2
6.533,0
6.53399999999999,1
6.535,6
6.536,12
6.53699999999999,16
6.539,13
6.539,8
6.53999999999999,4
6.541,4
6.542,1
6.54299999999999,2
6.544,3
6.545,7
6.54599999999999,10
6.547,10
6.548,13
6.54899999999999,19
6.55,14
6.551,8
6.55199999999999,4
6.553,3
6.554,11
6.55499999999999,10
6.556,11
6.557,13
6.55799999999999,12
6.559,6
6.56,6
6.56099999999999,2
6.562,0
6.563,2
6.56399999999999,3
6.565,4
6.566,0
6.56699999999999,4
6.568,6
6.569,9
6.56999999999999,4
6.571,5
6.572,4
6.57299999999999,0
6.574,0
6.575,4
6.57599999999999,8
6.577,6
6.578,8
6.57899999999999,5
6.58,0
6.58199999999999,5
6.58199999999999,4
6.583,7
6.584,2
6.58499999999999,6
6.586,0
6.587,7
6.58799999999999,5
6.589,8
6.59,9
6.59099999999999,11
6.592,8
6.593,5
6.595,2
6.595,0
6.596,0
6.59699999999999,1
6.598,8
6.599,8
6.59999999999999,9
6.601,7
6.602,4
6.60299999999999,2
6.604,6
6.605,7
6.60599999999999,3
6.607,0
6.608,5
6.60899999999999,3
6.61,0
6.611,3
6.61199999999999,3
6.613,2
6.614,3
6.61499999999999,5
6.616,11
6.617,19
6.61799999999999,15
6.619,15
6.62,12
6.621,7
6.622,2
6.623,4
6.624,9
6.625,19
6.626,16
6.627,13
6.628,5
6.629,2
6.63,5
6.631,6
6.63200000000001,6
6.633,10
6.634,13
6.63500000000001,3
6.636,2
6.637,4
6.63800000000001,10
6.639,12
6.64,16
6.64100000000001,19
6.642,19
6.643,17
6.64400000000001,16
6.645,13
6.646,9
6.64700000000001,6
6.648,3
6.649,9
6.651,13
6.651,11
6.652,11
6.65300000000001,14
6.654,15
6.655,16
6.65600000000001,10
6.657,0
6.658,0
6.65899999999999,8
6.66,8
6.661,6
6.66199999999999,4
6.663,0
6.664,2
6.66499999999999,0
6.666,3
6.667,3
6.66799999999999,7
6.669,5
6.67,9
6.67099999999999,16
6.672,20
6.673,19
6.67399999999999,0
6.675,2
6.676,10
6.67699999999999,23
6.678,29
6.679,27
6.67999999999999,18
6.681,11
6.682,3
6.68299999999999,0
6.684,5
6.685,17
6.68599999999999,16
6.687,7
6.688,0
6.68899999999999,4
6.69,2
6.691,7
6.69199999999999,8
6.693,3
6.694,4
6.69499999999999,8
6.696,22
6.697,28
6.69799999999999,23
6.699,18
6.7,6
6.70099999999999,5
6.702,15
6.703,28
6.70399999999999,38
6.705,34
6.70699999999999,22
6.70699999999999,15
6.708,13
6.709,0
6.70999999999999,10
6.711,19
6.712,25
6.71299999999999,26
6.714,21
6.715,20
6.71599999999999,19
6.717,17
6.718,11
6.72,8
6.72,6
6.721,3
6.72199999999999,0
6.723,4
6.724,0
6.72499999999999,4
6.726,7
6.727,12
6.72799999999999,11
6.729,2
6.73,10
6.73099999999999,22
6.732,30
6.733,27
6.73399999999999,29
6.735,23
6.736,15
6.73699999999999,4
6.738,7
6.739,15
6.73999999999999,21
6.741,30
6.742,30
6.74299999999999,18
6.744,6
6.745,7
6.746,20
6.747,25
6.748,25
6.749,22
6.75,21
6.751,10
6.752,0
6.753,7
6.754,15
6.755,20
6.756,17
6.75700000000001,9
6.758,8
6.759,5
6.76000000000001,0
6.761,0
6.762,7
6.76300000000001,12
6.764,11
6.765,10
6.76600000000001,9
6.767,5
6.768,3
6.76900000000001,0
6.77,4
6.771,10
6.77200000000001,8
6.773,6
6.774,3
6.776,5
6.776,12
6.777,14
6.77800000000001,19
6.779,9
6.78,1
6.78100000000001,2
6.782,13
6.783,6
6.78399999999999,3
6.785,1
6.786,10
6.78699999999999,16
6.789,25
6.789,17
6.78999999999999,11
6.791,1
6.792,1
6.79299999999999,13
6.794,25
6.795,35
6.79599999999999,33
6.797,17
6.798,2
6.79899999999999,11
6.8,26
6.801,32
6.80199999999999,30
6.803,25
6.804,12
6.80499999999999,0
6.806,9
6.807,13
6.80799999999999,15
6.809,22
6.81,25
6.81099999999999,28
6.812,22
6.813,14
6.81399999999999,11
6.815,4
6.816,4
6.81699999999999,3
6.818,6
6.819,12
6.81999999999999,10
6.821,8
6.822,11
6.82299999999999,11
6.824,10
6.825,10
6.82599999999999,5
6.827,12
6.828,23
6.82899999999999,19
6.83,10
6.83199999999999,0
6.83199999999999,8
6.833,17
6.834,24
6.83499999999999,21
6.836,13
6.837,0
6.83799999999999,6
6.839,7
6.84,3
6.84099999999999,5
6.842,7
6.843,13
6.845,21
6.845,17
6.846,14
6.84699999999999,4
6.848,3
6.849,10
6.84999999999999,14
6.851,18
6.852,8
6.85299999999999,4
6.854,8
6.855,11
6.85599999999999,7
6.857,10
6.858,1
6.85899999999999,9
6.86,12
6.861,7
6.86199999999999,0
6.863,1
6.864,1
6.86499999999999,10
6.866,16
6.867,9
6.86799999999999,5
6.869,4
6.87,4
6.871,11
6.872,12
6.873,8
6.874,4
6.875,4
6.876,5
6.877,8
6.878,6
6.879,4
6.88,4
6.881,4
6.88200000000001,2
6.883,1
6.884,0
6.88500000000001,3
6.886,4
6.887,1
6.88800000000001,7
6.889,15
6.89,13
6.89100000000001,10
6.892,9
6.893,5
6.89400000000001,1
6.895,8
6.896,11
6.89700000000001,11
6.898,11
6.899,14
6.901,8
6.901,3
6.902,2
6.90300000000001,0
6.904,2
6.905,3
6.90600000000001,6
6.907,6
6.908,1
6.90899999999999,0
6.91,2
6.911,11
6.91199999999999,11
6.914,7
6.914,4
6.91499999999999,19
6.916,18
6.917,19
6.91799999999999,17
6.919,8
6.92,1
6.92099999999999,10
6.922,6
6.923,13
6.92399999999999,25
6.925,21
6.926,11
6.92699999999999,0
6.928,12
6.929,14
6.92999999999999,19
6.931,22
6.932,7
6.93299999999999,7
6.934,18
6.935,16
6.93599999999999,11
6.937,7
6.938,2
6.93899999999999,3
6.94,8
6.941,3
6.94199999999999,0
6.943,1
6.944,6
6.94499999999999,9
6.946,3
6.947,0
6.94799999999999,3
6.949,0
6.95,1
6.95099999999999,3
6.952,5
6.953,11
6.95399999999999,5
6.955,2
6.95699999999999,5
6.95699999999999,13
6.958,15
6.959,13
6.95999999999999,18
6.961,16
6.962,5
6.96299999999999,0
6.964,3
6.965,7
6.96599999999999,11
6.967,14
6.968,22
6.97,25
6.97,13
6.971,13
6.97199999999999,15
6.973,7
6.974,8
6.97499999999999,17
6.976,19
6.977,21
6.97799999999999,26
6.979,31
6.98,21
6.98099999999999,6
6.982,1
6.983,14
6.98399999999999,18
6.985,17
6.986,16
6.98699999999999,17
6.988,16
6.989,14
6.98999999999999,11
6.991,0
6.992,9
6.99299999999999,8
6.994,5
6.995,9
6.996,7
6.997,7
6.998,5
6.999,3
7,2
7.001,6
7.002,8
7.003,9
7.004,11
7.005,9
7.006,5
7.00700000000001,0
7.008,6
7.009,6
7.01000000000001,0
7.011,3
7.012,5
7.01300000000001,13
7.014,15
7.015,18
7.01600000000001,19
7.017,13
7.018,0
7.01900000000001,10
7.02,12
7.021,18
7.02200000000001,17
7.023,20
7.024,15
7.026,4
7.026,4
7.027,7
7.02800000000001,1
7.029,11
7.03,8
7.03100000000001,22
7.032,27
7.033,28
7.03399999999999,26
7.035,22
7.036,6
7.03699999999999,14
7.039,18
7.039,20
7.03999999999999,19
7.041,23
7.042,19
7.04299999999999,25
7.044,26
7.045,21
7.04599999999999,18
7.047,8
7.048,4
7.04899999999999,8
7.05,20
7.051,13
7.05199999999999,8
7.053,28
7.054,33
7.05499999999999,42
7.056,54
7.057,47
7.05799999999999,31
7.059,11
7.06,4
7.06099999999999,15
7.062,20
7.063,21
7.06399999999999,23
7.065,21
7.066,16
7.06699999999999,20
7.068,21
7.069,23
7.06999999999999,22
7.071,13
7.072,6
7.07299999999999,5
7.074,7
7.075,10
7.07599999999999,15
7.077,15
7.078,16
7.07899999999999,6
7.08,2
7.08199999999999,2
7.08199999999999,7
7.083,7
7.084,18
7.08499999999999,24
7.086,12
7.087,0
7.08799999999999,12
7.089,33
7.09,38
7.09099999999999,37
7.092,23
7.093,8
7.095,1
7.095,4
7.096,11
7.09699999999999,11
7.098,6
7.099,10
7.09999999999999,14
7.101,17
7.102,20
7.10299999999999,17
7.104,13
7.105,12
7.10599999999999,11
7.107,20
7.108,17
7.10899999999999,4
7.11,15
7.111,23
7.11199999999999,26
7.113,24
7.114,19
7.11499999999999,7
7.116,3
7.117,5
7.11799999999999,9
7.119,6
7.12,4
7.121,6
7.122,3
7.123,1
7.124,8
7.125,9
7.126,10
7.127,7
7.128,3
7.129,6
7.13,15
7.131,8
7.13200000000001,9
7.133,21
7.134,25
7.13500000000001,22
7.136,24
7.137,14
7.13800000000001,4
7.139,7
7.14,11
7.14100000000001,12
7.142,15
7.143,14
7.14400000000001,9
7.145,2
7.146,2
7.14700000000001,0
7.148,0
7.149,6
7.151,17
7.151,22
7.152,22
7.15300000000001,14
7.154,20
7.155,31
7.15600000000001,28
7.157,27
7.158,18
7.15899999999999,11
7.16,2
7.161,5
7.16199999999999,11
7.164,6
7.164,4
7.16499999999999,9
7.166,13
7.167,12
7.16799999999999,11
7.169,6
7.17,6
7.17099999999999,2
7.172,4
7.173,3
7.17399999999999,4
7.175,8
7.176,10
7.17699999999999,14
7.178,9
7.179,2
7.17999999999999,0
7.181,10
7.182,15
7.18299999999999,12
7.184,5
7.185,1
7.18599999999999,0
7.187,8
7.188,15
7.18899999999999,10
7.19,3
7.191,9
7.19199999999999,8
7.193,5
7.194,6
7.19499999999999,0
7.196,6
7.197,3
7.19799999999999,3
7.199,0
7.2,8
7.20099999999999,6
7.202,3
7.203,5
7.20399999999999,2
7.205,6
7.20699999999999,0
7.20699999999999,6
7.208,0
7.209,11
7.20999999999999,19
7.211,14
7.212,7
7.21299999999999,10
7.214,2
7.215,2
7.21599999999999,4
7.217,7
7.218,8
7.22,6
7.22,13
7.221,9
7.22199999999999,6
7.223,14
7.224,14
7.22499999999999,7
7.226,1
7.227,1
7.22799999999999,4
7.229,17
7.23,26
7.23099999999999,13
7.232,2
7.233,11
7.23399999999999,14
7.235,8
7.236,6
7.23699999999999,6
7.238,1
7.239,5
7.23999999999999,9
7.241,11
7.242,1
7.24299999999999,1
7.244,2
7.245,5
7.246,14
7.247,23
7.248,17
7.249,9
7.25,2
7.251,13
7.252,14
7.253,19
7.254,6
7.255,4
7.256,0
7.25700000000001,1
7.258,1
7.259,1
7.26000000000001,3
7.261,13
7.262,19
7.26300000000001,15
7.264,0
7.265,2
7.26600000000001,0
7.267,13
7.268,25
7.26900000000001,29
7.27,22
7.271,15
7.27200000000001,12
7.273,1
7.274,13
7.276,17
7.276,18
7.277,18
7.27800000000001,18
7.279,24
7.28,20
7.28100000000001,18
7.282,16
7.283,1
7.28399999999999,18
7.285,32
7.286,34
7.28699999999999,22
7.289,18
7.289,7
7.28999999999999,6
7.291,15
7.292,16
7.29299999999999,9
7.294,4
7.295,8
7.29599999999999,4
7.297,4
7.298,5
7.29899999999999,1
7.3,2
7.301,1
7.30199999999999,8
7.303,7
7.304,12
7.30499999999999,15
7.306,19
7.307,6
7.30799999999999,2
7.309,5
7.31,0
7.31099999999999,0
7.312,12
7.313,14
7.31399999999999,18
7.315,19
7.316,16
7.31699999999999,10
7.318,6
7.319,4
7.31999999999999,10
7.321,13
7.322,12
7.32299999999999,10
7.324,9
7.325,5
7.32599999999999,0
7.327,0
7.328,3
7.32899999999999,0
7.33,5
7.33199999999999,5
7.33199999999999,8
7.333,7
7.334,3
7.33499999999999,0
7.336,10
7.337,18
7.33799999999999,17
7.339,13
7.34,5
7.34099999999999,1
7.342,0
7.343,1
7.345,4
7.345,3
7.346,2
7.34699999999999,0
7.348,5
7.349,4
7.34999999999999,9
7.351,8
7.352,15
7.35299999999999,12
7.354,2
7.355,3
7.35599999999999,2
7.357,6
7.358,1
7.35899999999999,0
7.36,1
7.361,13
7.36199999999999,15
7.363,5
7.364,1
7.36499999999999,1
7.366,5
7.367,0
7.36799999999999,12
7.369,22
7.37,26
7.371,23
7.372,22
7.373,2
7.374,13
7.375,22
7.376,19
7.377,15
7.378,17
7.379,18
7.38,18
7.381,19
7.38200000000001,14
7.383,11
7.384,8
7.38500000000001,4
7.386,8
7.387,16
7.38800000000001,19
7.389,15
7.39,11
7.39100000000001,6
7.392,1
7.393,2
7.39400000000001,2
7.395,4
7.396,2
7.39700000000001,9
7.398,7
7.399,2
7.401,7
7.401,7
7.402,6
7.40300000000001,8
7.404,0
7.405,12
7.40600000000001,16
7.407,13
7.408,5
7.40899999999999,3
7.41,1
7.411,7
7.41199999999999,9
7.414,7
7.414,2
7.41499999999999,0
7.416,10
7.417,8
7.41799999999999,1
7.419,3
7.42,2
7.42099999999999,1
7.422,0
7.423,2
7.42399999999999,1
7.425,1
7.426,3
7.42699999999999,0
7.428,4
7.429,0
7.42999999999999,6
7.431,5
7.432,7
7.43299999999999,12
7.434,13
7.435,0
7.43599999999999,7
7.437,1
7.438,6
7.43899999999999,3
7.44,0
7.441,1
7.44199999999999,7
7.443,14
7.444,12
7.44499999999999,10
7.446,9
7.447,15
7.44799999999999,14
7.449,12
7.45,4
7.45099999999999,3
7.452,13
7.453,18
7.45399999999999,20
7.455,13
7.45699999999999,7
7.45699999999999,0
7.458,7
7.459,6
7.45999999999999,8
7.461,12
7.462,8
7.46299999999999,4
7.464,4
7.465,0
7.46599999999999,2
7.467,7
7.468,0
7.47,4
7.47,2
7.471,3
7.47199999999999,6
7.473,4
7.474,1
7.47499999999999,9
7.476,4
7.477,6
7.47799999999999,6
7.479,6
7.48,1
7.48099999999999,17
7.482,24
7.483,24
7.48399999999999,20
7.485,7
7.486,6
7.48699999999999,23
7.488,25
7.489,17
7.48999999999999,3
7.491,0
7.492,4
7.49299999999999,1
7.494,5
7.495,8
7.496,2
7.497,1
7.498,0
7.499,4
7.5,6
7.501,16
7.502,8
7.503,0
7.504,8
7.505,15
7.506,13
7.50700000000001,18
7.508,15
7.509,7
7.51000000000001,3
7.511,12
7.512,17
7.51300000000001,21
7.514,23
7.515,19
7.51600000000001,7
7.517,13
7.518,26
7.51900000000001,30
7.52,28
7.521,15
7.52200000000001,3
7.523,5
7.524,4
7.526,0
7.526,9
7.527,14
7.52800000000001,15
7.529,11
7.53,12
7.53100000000001,14
7.532,10
7.533,4
7.53399999999999,2
7.535,0
7.536,5
7.53699999999999,8
7.539,9
7.539,5
7.53999999999999,4
7.541,5
7.542,7
7.54299999999999,0
7.544,7
7.545,8
7.54599999999999,9
7.547,3
7.548,4
7.54899999999999,5
7.55,0
7.551,0
7.55199999999999,2
7.553,3
7.554,0
7.55499999999999,15
7.556,25
7.557,21
7.55799999999999,9
7.559,0
7.56,10
7.56099999999999,17
7.562,26
7.563,16
7.56399999999999,11
7.565,6
7.566,0
7.56699999999999,8
7.568,11
7.569,5
7.56999999999999,0
7.571,8
7.572,15
7.57299999999999,15
7.574,15
7.575,4
7.57599999999999,5
7.577,7
7.578,8
7.57899999999999,5
7.58,4
7.58199999999999,4
7.58199999999999,4
7.583,0
7.584,1
7.58499999999999,0
7.586,0
7.587,12
7.58799999999999,20
7.589,14
7.59,12
7.59099999999999,15
7.592,14
7.593,4
7.595,12
7.595,25
7.596,29
7.59699999999999,24
7.598,19
7.599,6
7.59999999999999,9
7.601,9
7.602,9
7.60299999999999,9
7.604,2
7.605,3
7.60599999999999,0
7.607,0
7.608,0
7.60899999999999,4
7.61,9
7.611,17
7.61199999999999,16
7.613,8
7.614,2
7.61499999999999,7
7.616,9
7.617,6
7.61799999999999,1
7.619,0
7.62,3
7.621,4
7.622,4
7.623,3
7.624,7
7.625,13
7.626,14
7.627,7
7.628,7
7.629,1
7.63,8
7.631,19
7.63200000000001,25
7.633,19
7.634,16
7.63500000000001,2
7.636,9
7.637,8
7.63800000000001,6
7.639,0
7.64,5
7.64100000000001,3
7.642,3
7.643,2
7.64400000000001,8
7.645,10
7.646,12
7.64700000000001,12
7.648,17
7.649,22
7.651,26
7.651,15
7.652,5
7.65300000000001,21
7.654,24
7.655,27
7.65600000000001,21
7.657,22
7.658,14
7.65899999999999,8
7.66,9
7.661,6
7.66199999999999,0
7.664,3
7.664,7
7.66499999999999,8
7.666,12
7.667,15
7.66799999999999,12
7.669,12
7.67,11
7.67099999999999,12
7.672,10
7.673,15
7.67399999999999,22
7.675,24
7.676,20
7.67699999999999,1
7.678,16
7.679,30
7.67999999999999,43
7.681,41
7.682,28
7.68299999999999,8
7.684,1
7.685,3
7.68599999999999,1
7.687,8
7.688,8
7.68899999999999,1
7.69,4
7.691,2
7.69199999999999,4
7.693,11
7.694,8
7.69499999999999,8
7.696,6
7.697,2
7.69799999999999,0
7.699,0
7.7,0
7.70099999999999,2
7.702,4
7.703,2
7.70399999999999,2
7.705,3
7.70699999999999,5
7.70699999999999,8
7.708,6
7.709,5
7.70999999999999,1
7.711,4
7.712,12
7.71299999999999,15
7.714,16
7.715,13
7.71599999999999,3
7.717,0
7.718,0
7.72,4
7.72,0
7.721,0
7.72199999999999,2
7.723,6
7.724,3
7.72499999999999,6
7.726,6
7.727,7
7.72799999999999,10
7.729,8
7.73,6
7.73099999999999,3
7.732,0
7.733,3
7.73399999999999,0
7.735,3
7.736,0
7.73699999999999,4
7.738,10
7.739,18
7.73999999999999,19
7.741,12
7.742,2
7.74299999999999,3
7.744,7
7.745,8
7.746,9
7.747,7
7.748,8
7.749,7
7.75,1
7.751,0
7.752,3
7.753,2
7.754,1
7.755,1
7.756,0
7.75700000000001,1
7.758,2
7.759,2
7.76000000000001,0
7.761,6
7.762,10
7.76300000000001,6
7.764,2
7.765,2
7.76600000000001,1
7.767,2
7.768,4
7.76900000000001,2
7.77,4
7.771,5
7.77200000000001,3
7.773,3
7.774,4
7.776,4
7.776,6
7.777,11
7.77800000000001,15
7.779,10
7.78,4
7.78100000000001,2
7.782,3
7.783,13
7.78399999999999,19
7.785,13
7.786,4
7.78699999999999,1
7.789,3
7.789,3
7.78999999999999,0
7.791,5
7.792,6
7.79299999999999,6
7.794,4
7.795,3
7.79599999999999,6
7.797,3
7.798,2
7.79899999999999,2
7.8,1
7.801,3
7.80199999999999,6
7.803,8
7.804,8
7.80499999999999,5
7.806,3
7.807,4
7.80799999999999,5
7.809,0
7.81,6
7.81099999999999,10
7.812,9
7.813,6
7.81399999999999,11
7.815,8
7.816,7
7.81699999999999,4
7.818,0
7.819,1
7.81999999999999,5
7.821,4
7.822,8
7.82299999999999,5
7.824,8
7.825,9
7.82599999999999,9
7.827,12
7.828,12
7.82899999999999,14
7.83,15
7.83199999999999,16
7.83199999999999,5
7.833,3
7.834,10
7.83499999999999,16
7.836,20
7.837,21
7.83799999999999,16
7.839,7
7.84,4
7.84099999999999,3
7.842,0
7.843,2
7.845,1
7.845,4
7.846,10
7.84699999999999,7
7.848,8
7.849,7
7.84999999999999,7
7.851,4
7.852,14
7.85299999999999,4
7.854,3
7.855,2
7.85599999999999,1
7.857,5
7.858,11
7.85899999999999,6
7.86,9
7.861,9
7.86199999999999,7
7.863,5
7.864,2
7.86499999999999,11
7.866,24
7.867,28
7.86799999999999,31
7.869,23
7.87,12
7.871,8
7.872,3
7.873,2
7.874,0
7.875,5
7.876,10
7.877,17
7.878,18
7.879,17
7.88,20
7.881,23
7.88200000000001,17
7.883,15
7.884,9
7.88500000000001,6
7.886,7
7.887,1
7.88800000000001,15
7.889,20
7.89,15
7.89100000000001,12
7.892,11
7.893,9
7.89400000000001,11
7.895,9
7.896,4
7.89700000000001,3
7.898,3
7.899,8
7.901,9
7.901,10
7.902,10
7.90300000000001,7
7.904,6
7.905,7
7.90600000000001,7
7.907,3
7.908,5
7.90899999999999,2
7.91,3
7.911,1
7.91199999999999,5
7.913,4
7.914,1
7.91499999999999,1
7.916,7
7.917,4
7.91799999999999,1
7.919,0
7.92,3
7.92099999999999,8
7.922,11
7.923,8
7.92399999999999,11
7.925,8
7.926,6
7.92699999999999,1
7.928,3
7.929,4
7.92999999999999,6
7.931,13
7.932,15
7.93299999999999,17
7.934,17
7.935,11
7.93599999999999,4
7.937,7
7.938,13
7.93899999999999,12
7.94,10
7.941,7
7.94199999999999,5
7.943,9
7.944,9
7.94499999999999,12
7.946,10
7.947,4
7.94799999999999,0
7.949,9
7.95,14
7.95099999999999,13
7.952,10
7.953,7
7.95399999999999,8
7.955,9
7.95699999999999,7
7.95699999999999,8
7.958,5
7.959,5
7.95999999999999,5
7.961,6
7.962,2
7.96299999999999,1
7.964,4
7.965,18
7.96599999999999,6
7.967,11
7.968,10
7.97,8
7.97,5
7.971,2
7.97199999999999,2
7.973,1
7.974,3
7.97499999999999,2
7.976,0
7.977,1
7.97799999999999,5
7.979,4
7.98,4
7.98099999999999,2
7.982,2
7.983,1
7.98399999999999,3
7.985,3
7.986,0
7.98699999999999,1
7.988,0
7.989,3
7.98999999999999,0
7.991,1
7.992,4
7.99299999999999,4
7.994,0
7.995,2
7.996,3
7.997,4
7.998,2
7.999,0
8,0
8.001,0
8.002,2
8.003,4
8.004,3
8.005,4
8.006,11
8.00700000000001,14
8.008,9
8.009,3
8.01000000000001,3
8.011,13
8.012,15
8.01300000000001,17
8.014,11
8.015,5
8.01600000000001,2
8.017,4
8.018,2
8.01900000000001,2
8.02,2
8.021,3
8.02200000000001,5
8.023,7
8.024,11
8.026,7
8.026,7
8.027,3
8.02800000000001,3
8.029,3
8.03,10
8.03100000000001,10
8.032,2
8.033,4
8.03399999999999,0
8.035,0
8.036,4
8.03699999999999,1
8.038,1
8.039,3
8.03999999999999,5
8.041,0
8.042,0
8.04299999999999,2
8.044,3
8.045,1
8.04599999999999,0
8.047,0
8.048,2
8.04899999999999,0
8.05,0
8.051,3
8.05199999999999,0
8.053,0
8.054,0
8.05499999999999,3
8.056,0
8.057,0
8.05799999999999,2
8.059,1
8.06,0
8.06099999999999,0
8.062,0
8.063,0
8.06399999999999,3
8.065,3
8.066,3
8.06699999999999,0
8.068,2
8.069,5
8.06999999999999,7
8.071,5
8.072,4
8.07299999999999,4
8.074,3
8.075,6
8.07599999999999,0
8.077,4
8.078,2
8.07899999999999,4
8.08,1
8.08199999999999,4
8.08199999999999,9
8.083,6
8.084,2
8.08499999999999,0
8.086,1
8.087,0
8.08799999999999,1
8.089,3
8.09,4
8.09099999999999,5
8.092,7
8.093,7
8.09399999999999,6
8.095,5
8.096,3
8.09699999999999,1
8.098,2
8.099,1
8.09999999999999,5
8.101,5
8.102,5
8.10299999999999,1
8.104,0
8.105,2
8.10599999999999,0
8.107,3
8.108,0
8.10899999999999,0
8.11,4
8.111,10
8.11199999999999,12
8.113,12
8.114,4
8.11499999999999,4
8.116,1
8.117,2
8.11799999999999,4
8.119,4
8.12,5
8.121,1
8.122,2
8.123,5
8.124,4
8.125,3
8.126,3
8.127,4
8.128,3
8.129,0
8.13,2
8.131,3
8.13200000000001,0
8.133,0
8.134,1
8.13500000000001,0
8.136,0
8.137,0
8.13800000000001,0
8.139,0
8.14,0
8.14100000000001,4
8.142,3
8.143,1
8.14400000000001,1
8.145,2
8.146,2
8.14700000000001,0
8.148,2
8.149,1
8.151,0
8.151,7
8.152,0
8.15300000000001,0
8.154,0
8.155,1
8.15600000000001,0
8.157,2
8.158,0
8.15899999999999,4
8.16,3
8.161,0
8.16199999999999,2
8.164,3
8.164,3
8.16499999999999,3
8.166,0
8.167,3
8.16799999999999,0
8.169,0
8.17,2
8.17099999999999,0
8.172,2
8.173,4
8.17399999999999,3
8.175,0
8.176,4
8.17699999999999,3
8.178,5
8.179,5
8.17999999999999,3
8.181,0
8.182,2
8.18299999999999,5
8.184,3
8.185,6
8.18599999999999,5
8.187,0
8.188,1
8.18899999999999,2
8.19,2
8.191,1
8.19199999999999,0
8.193,1
8.194,3
8.19499999999999,3
8.196,3
8.197,1
8.19799999999999,2
8.199,0
8.2,1
8.20099999999999,2
8.202,1
8.203,0
8.20399999999999,1
8.205,0
8.20699999999999,2
8.20699999999999,2
8.208,2
8.209,2
8.20999999999999,0
8.211,2
8.212,3
8.21299999999999,3
8.214,3
8.215,3
8.21599999999999,0
8.217,0
8.218,1
8.22,0
8.22,0
8.221,3
8.22199999999999,1
8.223,1
8.224,2
8.22499999999999,1
8.226,0
8.227,1
8.22799999999999,2
8.229,0
8.23,0
8.23099999999999,1
8.232,1
8.233,3
8.23399999999999,0
8.235,1
8.236,2
8.23699999999999,3
8.238,3
8.239,4
8.23999999999999,1
8.241,3
8.242,1
8.24299999999999,3
8.244,3
8.245,1
8.246,1
8.247,0
8.248,0
8.249,2
8.25,1
8.251,1
8.252,0
8.253,1
8.254,1
8.255,1
8.256,0
8.25700000000001,2
8.258,3
8.259,3
8.26000000000001,2
8.261,2
8.262,7
8.26300000000001,1
8.264,0
8.265,0
8.26600000000001,0
8.267,0
8.268,1
8.26900000000001,0
8.27,0
8.271,2
8.27200000000001,2
8.273,0
8.274,0
8.276,0
8.276,1
8.277,1
8.27800000000001,4
8.279,3
8.28,3
8.28100000000001,0
8.282,0
8.283,1
8.28399999999999,2
8.285,0
8.286,0
8.28699999999999,1
8.289,0
8.289,0
8.28999999999999,0
8.291,0
8.292,0
8.29299999999999,0
8.294,0
8.295,0
8.29599999999999,3
8.297,1
8.298,1
8.29899999999999,1
8.3,2
8.301,1
8.30199999999999,1
8.303,0
8.304,1
8.30499999999999,0
8.306,0
8.307,3
8.30799999999999,0
8.309,0
8.31,4
8.31099999999999,4
8.312,3
8.313,3
8.31399999999999,1
8.315,3
8.316,0
8.31699999999999,0
8.318,2
8.319,2
8.31999999999999,1
8.321,0
8.322,0
8.32299999999999,1
8.324,0
8.325,2
8.32599999999999,1
8.327,0
8.328,1
8.32899999999999,0
8.33,2
8.33199999999999,0
8.33199999999999,2
8.333,0
8.334,0
8.33499999999999,1
8.336,1
8.337,0
8.33799999999999,2
8.339,0
8.34,0
8.34099999999999,2
8.342,0
8.343,0
8.34399999999999,1
8.345,0
8.346,2
8.34699999999999,0
8.348,1
8.349,0
8.34999999999999,0
8.351,1
8.352,0
8.35299999999999,1
8.354,2
8.355,0
8.35599999999999,0
8.357,2
8.358,4
8.35899999999999,2
8.36,3
8.361,4
8.36199999999999,1
8.363,1
8.364,2
8.36499999999999,2
8.366,0
8.367,1
8.36799999999999,0
8.369,1
8.37,0
8.371,1
8.372,1
8.373,1
8.374,0
8.375,2
8.376,1
8.377,1
8.378,3
8.379,2
8.38,2
8.381,1
8.38200000000001,1
8.383,2
8.384,1
8.38500000000001,0
8.386,1
8.387,0
8.38800000000001,1
8.389,2
8.39,2
8.39100000000001,2
8.392,0
8.393,0
8.39400000000001,1
8.395,1
8.396,0
8.39700000000001,1
8.398,3
8.399,1
8.401,1
8.401,0
8.402,2
8.40300000000001,0
8.404,0
8.405,1
8.40600000000001,0
8.407,0
8.408,0
8.40899999999999,1
8.41,1
8.411,0
8.41199999999999,3
8.414,2
8.414,4
8.41499999999999,3
8.416,3
8.417,0
8.41799999999999,2
8.419,1
8.42,0
8.42099999999999,1
8.422,2
8.423,0
8.42399999999999,1
8.425,0
8.426,0
8.42699999999999,0
8.428,2
8.429,3
8.42999999999999,1
8.431,1
8.432,3
8.43299999999999,3
8.434,2
8.435,2
8.43599999999999,0
8.437,0
8.438,0
8.43899999999999,0
8.44,0
8.441,0
8.44199999999999,0
8.443,3
8.444,0
8.44499999999999,1
8.446,3
8.447,3
8.44799999999999,1
8.449,0
8.45,1
8.45099999999999,0
8.452,0
8.453,2
8.45399999999999,1
8.455,0
8.45699999999999,0
8.45699999999999,0
8.458,1
8.459,1
8.45999999999999,2
8.461,2
8.462,0
8.46299999999999,2
8.464,1
8.465,0
8.46599999999999,2
8.467,0
8.468,0
8.47,0
8.47,1
8.471,0
8.47199999999999,0
8.473,0
8.474,0
8.47499999999999,2
8.476,2
8.477,2
8.47799999999999,0
8.479,3
8.48,3
8.48099999999999,3
8.482,1
8.483,0
8.48399999999999,1
8.485,1
8.486,1
8.48699999999999,0
8.488,2
8.489,0
8.48999999999999,0
8.491,2
8.492,2
8.49299999999999,0
8.494,0
8.495,0
8.496,3
8.497,1
8.498,2
8.499,1
8.5,0
8.501,0
8.502,1
8.503,7
8.504,4
8.505,1
8.506,0
8.50700000000001,0
8.508,1
8.509,0
8.51000000000001,0
8.511,3
8.512,4
8.51300000000001,1
8.514,3
8.515,0
8.51600000000001,0
8.517,1
8.518,0
8.51900000000001,0
8.52,0
8.521,1
8.52200000000001,0
8.523,1
8.524,1
8.526,0
8.526,0
8.527,0
8.52800000000001,2
8.529,0
8.53,2
8.53100000000001,3
8.532,1
8.533,0
8.53399999999999,0
8.535,0
8.536,0
8.53699999999999,0
8.539,1
8.539,0
8.53999999999999,2
8.541,0
8.542,2
8.54299999999999,1
8.544,0
8.545,0
8.54599999999999,1
8.547,2
8.548,1
8.54899999999999,0
8.55,0
8.551,0
8.55199999999999,1
8.553,0
8.554,0
8.55499999999999,0
8.556,2
8.557,0
8.55799999999999,1
8.559,2
8.56,1
8.56099999999999,3
8.562,1
8.563,4
8.56399999999999,1
8.565,1
8.566,2
8.56699999999999,0
8.568,1
8.569,0
8.56999999999999,1
8.571,2
8.572,0
8.57299999999999,0
8.574,2
8.575,0
8.57599999999999,0
8.577,3
8.578,4
8.57899999999999,3
8.58,0
8.58199999999999,0
8.58199999999999,0
8.583,0
8.584,0
8.58499999999999,0
8.586,1
8.587,0
8.58799999999999,0
8.589,0
8.59,1
8.59099999999999,2
8.592,2
8.593,1
8.595,2
8.595,0
8.596,3
8.59699999999999,3
8.598,0
8.599,0
8.59999999999999,0
8.601,0
8.602,0
8.60299999999999,1
8.604,1
8.605,0
8.60599999999999,0
8.607,0
8.608,0
8.60899999999999,2
8.61,2
8.611,1
8.61199999999999,0
8.613,1
8.614,4
8.61499999999999,1
8.616,1
8.617,0
8.61799999999999,0
8.619,0
8.62,1
8.621,1
8.622,0
8.623,2
8.624,0
8.625,1
8.626,0
8.627,1
8.628,1
8.629,3
8.63,2
8.631,2
8.63200000000001,0
8.633,1
8.634,0
8.63500000000001,1
8.636,0
8.637,1
8.63800000000001,0
8.639,0
8.64,0
8.64100000000001,1
8.642,1
8.643,2
8.64400000000001,0
8.645,1
8.646,2
8.64700000000001,2
8.648,3
8.649,0
8.651,0
8.651,1
8.652,0
8.65300000000001,0
8.654,0
8.655,1
8.65600000000001,1
8.657,0
8.658,0
8.65899999999999,0
8.66,2
8.661,1
8.66199999999999,3
8.664,3
8.664,2
8.66499999999999,1
8.666,0
8.667,0
8.66799999999999,2
8.669,0
8.67,0
8.67099999999999,0
8.672,0
8.673,0
8.67399999999999,0
8.675,0
8.676,0
8.67699999999999,1
8.678,1
8.679,3
8.67999999999999,2
8.681,4
8.682,2
8.68299999999999,0
8.684,0
8.685,0
8.68599999999999,1
8.687,1
8.688,1
8.68899999999999,2
8.69,1
8.691,2
8.69199999999999,3
8.693,5
8.694,2
8.69499999999999,3
8.696,1
8.697,4
8.69799999999999,3
8.699,0
8.7,2
8.70099999999999,0
8.702,0
8.703,1
8.70399999999999,1
8.705,0
8.70699999999999,2
8.70699999999999,1
8.708,1
8.709,2
8.70999999999999,3
8.711,0
8.712,1
8.71299999999999,4
8.714,4
8.715,2
8.71599999999999,1
8.717,0
8.718,0
8.71899999999999,2
8.72,0
8.721,0
8.72199999999999,0
8.723,1
8.724,8
8.72499999999999,0
8.726,2
8.727,3
8.72799999999999,2
8.729,3
8.73,3
8.73099999999999,2
8.732,2
8.733,0
8.73399999999999,0
8.735,1
8.736,0
8.73699999999999,2
8.738,2
8.739,1
8.73999999999999,1
8.741,0
8.742,0
8.74299999999999,0
8.744,3
8.745,0
8.746,3
8.747,1
8.748,3
8.749,2
8.75,0
8.751,1
8.752,0
8.753,0
8.754,2
8.755,0
8.756,0
8.75700000000001,0
8.758,2
8.759,0
8.76000000000001,0
8.761,1
8.762,2
8.76300000000001,3
8.764,2
8.765,3
8.76600000000001,0
8.767,0
8.768,4
8.76900000000001,0
8.77,2
8.771,3
8.77200000000001,1
8.773,0
8.774,1
8.776,1
8.776,2
8.777,1
8.77800000000001,0
8.779,0
8.78,1
8.78100000000001,2
8.782,0
8.783,1
8.78399999999999,0
8.785,1
8.786,0
8.78699999999999,1
8.789,1
8.789,2
8.78999999999999,2
8.791,0
8.792,0
8.79299999999999,0
8.794,2
8.795,0
8.79599999999999,1
8.797,2
8.798,0
8.79899999999999,0
8.8,1
8.801,0
8.80199999999999,0
8.803,0
8.804,2
8.80499999999999,1
8.806,1
8.807,0
8.80799999999999,1
8.809,0
8.81,2
8.81099999999999,3
8.812,0
8.813,3
8.81399999999999,0
8.815,3
8.816,2
8.81699999999999,1
8.818,0
8.819,1
8.81999999999999,0
8.821,0
8.822,1
8.82299999999999,1
8.824,1
8.825,2
8.82599999999999,0
8.827,2
8.828,0
8.82899999999999,3
8.83,0
8.83199999999999,3
8.83199999999999,2
8.833,0
8.834,1
8.83499999999999,2
8.836,0
8.837,0
8.83799999999999,0
8.839,2
8.84,0
8.84099999999999,0
8.842,2
8.843,3
8.84399999999999,2
8.845,2
8.846,1
8.84699999999999,0
8.848,2
8.849,1
8.84999999999999,0
8.851,0
8.852,1
8.85299999999999,0
8.854,2
8.855,0
8.85599999999999,1
8.857,0
8.858,0
8.85899999999999,1
8.86,0
8.861,3
8.86199999999999,3
8.863,1
8.864,3
8.86499999999999,0
8.866,2
8.867,0
8.86799999999999,1
8.869,0
8.87,0
8.871,1
8.872,2
8.873,0
8.874,1
8.875,0
8.876,0
8.877,1
8.878,2
8.879,1
8.88,1
8.881,1
8.88200000000001,2
8.883,2
8.884,1
8.88500000000001,0
8.886,2
8.887,0
8.88800000000001,0
8.889,3
8.89,0
8.89100000000001,0
8.892,0
8.893,0
8.89400000000001,0
8.895,3
8.896,4
8.89700000000001,3
8.898,0
8.899,0
8.901,0
8.901,2
8.902,1
8.90300000000001,0
8.904,0
8.905,2
8.90600000000001,0
8.907,2
8.908,0
8.90899999999999,2
8.91,0
8.911,0
8.91199999999999,4
8.914,1
8.914,3
8.91499999999999,0
8.916,1
8.917,0
8.91799999999999,0
8.919,0
8.92,1
8.92099999999999,1
8.922,0
8.923,2
8.92399999999999,0
8.925,0
8.926,2
8.92699999999999,1
8.928,2
8.929,1
8.92999999999999,1
8.931,0
8.932,1
8.93299999999999,1
8.934,1
8.935,0
8.93599999999999,1
8.937,0
8.938,0
8.93899999999999,0
8.94,0
8.941,0
8.94199999999999,1
8.943,0
8.944,0
8.94499999999999,0
8.946,2
8.947,4
8.94799999999999,3
8.949,0
8.95,2
8.95099999999999,2
8.952,1
8.953,1
8.95399999999999,1
8.955,0
8.95699999999999,0
8.95699999999999,0
8.958,0
8.959,1
8.95999999999999,0
8.961,3
8.962,1
8.96299999999999,4
8.964,2
8.965,0
8.96599999999999,1
8.967,2
8.968,3
8.97,1
8.97,0
8.971,2
8.97199999999999,2
8.973,0
8.974,2
8.97499999999999,1
8.976,1
8.977,3
8.97799999999999,1
8.979,2
8.98,2
8.98099999999999,4
8.982,1
8.983,2
8.98399999999999,0
8.985,1
8.986,1
8.98699999999999,0
8.988,6
8.989,1
8.98999999999999,1
8.991,0
8.992,2
8.99299999999999,0
8.994,2
8.995,2
8.996,4
8.997,3
8.998,0
8.999,1
9,0
9.001,5
9.002,1
9.003,0
9.004,0
9.005,1
9.006,1
9.00700000000001,1
9.008,1
9.009,1
9.01000000000001,3
9.011,3
9.012,4
9.01300000000001,2
9.014,5
9.015,3
9.01600000000001,2
9.017,2
9.018,0
9.01900000000001,0
9.02,0
9.021,1
9.02200000000001,0
9.023,0
9.024,0
9.026,2
9.026,0
9.027,0
9.02800000000001,3
9.029,0
9.03,3
9.03100000000001,0
9.032,0
9.033,1
9.03399999999999,0
9.035,3
9.036,0
9.03699999999999,0
9.038,0
9.039,0
9.03999999999999,2
9.041,2
9.042,2
9.04299999999999,1
9.044,0
9.045,2
9.04599999999999,4
9.047,3
9.048,2
9.04899999999999,2
9.05,1
9.051,0
9.05199999999999,0
9.053,1
9.054,0
9.05499999999999,1
9.056,2
9.057,3
9.05799999999999,2
9.059,0
9.06,2
9.06099999999999,2
9.062,1
9.063,2
9.06399999999999,1
9.065,3
9.066,0
9.06699999999999,0
9.068,0
9.069,0
9.06999999999999,0
9.071,3
9.072,0
9.07299999999999,0
9.074,0
9.075,1
9.07599999999999,0
9.077,0
9.078,2
9.07899999999999,1
9.08,4
9.08199999999999,0
9.08199999999999,4
9.083,0
9.084,2
9.08499999999999,3
9.086,0
9.087,0
9.08799999999999,1
9.089,0
9.09,0
9.09099999999999,1
9.092,0
9.093,0
9.09399999999999,0
9.095,0
9.096,5
9.09699999999999,0
9.098,0
9.099,0
9.09999999999999,2
9.101,0
9.102,1
9.10299999999999,0
9.104,0
9.105,1
9.10599999999999,0
9.107,0
9.108,2
9.10899999999999,2
9.11,1
9.111,0
9.11199999999999,3
9.113,0
9.114,3
9.11499999999999,3
9.116,3
9.117,2
9.11799999999999,3
9.119,0
9.12,0
9.121,2
9.122,0
9.123,0
9.124,0
9.125,0
9.126,0
9.127,0
9.128,1
9.129,2
9.13,0
9.131,2
9.13200000000001,0
9.133,1
9.134,0
9.13500000000001,0
9.136,0
9.137,2
9.13800000000001,1
9.139,2
9.14,1
9.14100000000001,2
9.142,2
9.143,3
9.14400000000001,3
9.145,1
9.146,2
9.14700000000001,1
9.148,3
9.149,0
9.151,0
9.151,1
9.152,2
9.15300000000001,0
9.154,4
9.155,1
9.15600000000001,6
9.157,0
9.158,1
9.15899999999999,1
9.16,2
9.161,1
9.16199999999999,2
9.163,2
9.164,4
9.16499999999999,6
9.166,0
9.167,0
9.16799999999999,0
9.169,0
9.17,1
9.17099999999999,1
9.172,3
9.173,0
9.17399999999999,1
9.175,2
9.176,0
9.17699999999999,4
9.178,8
9.179,0
9.17999999999999,1
9.181,2
9.182,1
9.18299999999999,2
9.184,0
9.185,0
9.18599999999999,0
9.187,0
9.188,1
9.18899999999999,1
9.19,0
9.191,3
9.19199999999999,0
9.193,0
9.194,0
9.19499999999999,0
9.196,0
9.197,3
9.19799999999999,7
9.199,4
9.2,4
9.20099999999999,0
9.202,3
9.203,2
9.20399999999999,4
9.205,8
9.20699999999999,4
9.20699999999999,5
9.208,1
9.209,0
9.20999999999999,2
9.211,2
9.212,8
9.21299999999999,3
9.214,5
9.215,4
9.21599999999999,3
9.217,0
9.218,0
9.22,0
9.22,1
9.221,0
9.22199999999999,0
9.223,0
9.224,0
9.22499999999999,1
9.226,1
9.227,5
9.22799999999999,3
9.229,1
9.23,2
9.23099999999999,2
9.232,0
9.233,3
9.23399999999999,0
9.235,4
9.236,1
9.23699999999999,2
9.238,2
9.239,0
9.23999999999999,3
9.241,5
9.242,5
9.24299999999999,5
9.244,6
9.245,3
9.246,2
9.247,1
9.248,2
9.249,3
9.25,3
9.251,9
9.252,8
9.253,2
9.254,3
9.255,2
9.256,5
9.25700000000001,7
9.258,3
9.259,3
9.26000000000001,0
9.261,2
9.262,0
9.26300000000001,1
9.264,2
9.265,2
9.26600000000001,1
9.267,5
9.268,2
9.26900000000001,2
9.27,4
9.271,1
9.27200000000001,0
9.273,4
9.274,6
9.276,6
9.276,5
9.277,4
9.27800000000001,0
9.279,1
9.28,7
9.28100000000001,11
9.282,9
9.283,7
9.28399999999999,5
9.285,3
9.286,4
9.28699999999999,8
9.288,8
9.289,7
9.28999999999999,4
9.291,3
9.292,2
9.29299999999999,3
9.294,7
9.295,10
9.29599999999999,10
9.297,9
9.298,4
9.29899999999999,1
9.3,1
9.301,2
9.30199999999999,1
9.303,5
9.304,8
9.30499999999999,9
9.306,9
9.307,1
9.30799999999999,0
9.309,6
9.31,11
9.31099999999999,12
9.312,18
9.313,16
9.31399999999999,10
9.315,6
9.316,3
9.31699999999999,3
9.318,5
9.319,9
9.31999999999999,11
9.321,5
9.322,2
9.32299999999999,2
9.324,6
9.325,3
9.32599999999999,4
9.327,0
9.328,3
9.32899999999999,7
9.33,13
9.33199999999999,11
9.33199999999999,11
9.333,7
9.334,4
9.33499999999999,6
9.336,14
9.337,15
9.33799999999999,16
9.339,6
9.34,8
9.34099999999999,5
9.342,5
9.343,0
9.345,8
9.345,14
9.346,12
9.34699999999999,12
9.348,16
9.349,17
9.34999999999999,16
9.351,10
9.352,0
9.35299999999999,11
9.354,21
9.355,30
9.35599999999999,30
9.357,31
9.358,23
9.35899999999999,19
9.36,6
9.361,1
9.36199999999999,10
9.363,19
9.364,26
9.36499999999999,30
9.366,26
9.367,25
9.36799999999999,20
9.369,15
9.37,4
9.371,4
9.372,10
9.373,16
9.374,19
9.375,23
9.376,23
9.377,15
9.378,2
9.379,13
9.38,18
9.381,13
9.38200000000001,10
9.383,9
9.384,6
9.38500000000001,5
9.386,8
9.387,2
9.38800000000001,3
9.389,5
9.39,8
9.39100000000001,7
9.392,1
9.393,1
9.39400000000001,2
9.395,2
9.396,11
9.39700000000001,19
9.398,22
9.399,26
9.401,23
9.401,15
9.402,4
9.40300000000001,11
9.404,24
9.405,24
9.40600000000001,17
9.407,11
9.408,11
9.40899999999999,4
9.41,2
9.411,16
9.41199999999999,18
9.413,15
9.414,12
9.41499999999999,11
9.416,13
9.417,6
9.41799999999999,3
9.419,11
9.42,17
9.42099999999999,16
9.422,15
9.423,10
9.42399999999999,11
9.425,14
9.426,13
9.42699999999999,12
9.428,5
9.429,6
9.42999999999999,4
9.431,7
9.432,16
9.43299999999999,19
9.434,20
9.435,25
9.43599999999999,20
9.437,11
9.438,1
9.43899999999999,12
9.44,18
9.441,20
9.44199999999999,18
9.443,21
9.444,21
9.44499999999999,11
9.446,2
9.447,21
9.44799999999999,29
9.449,31
9.45,25
9.45099999999999,15
9.452,8
9.453,2
9.45399999999999,8
9.455,18
9.45699999999999,21
9.45699999999999,17
9.458,12
9.459,9
9.45999999999999,6
9.461,5
9.462,0
9.46299999999999,2
9.464,3
9.465,1
9.46599999999999,0
9.467,4
9.468,4
9.47,9
9.47,18
9.471,31
9.47199999999999,28
9.473,9
9.474,0
9.47499999999999,12
9.476,31
9.477,45
9.47799999999999,56
9.479,49
9.48,31
9.48099999999999,13
9.482,2
9.483,19
9.48399999999999,27
9.485,31
9.486,29
9.48699999999999,20
9.488,13
9.489,5
9.48999999999999,4
9.491,5
9.492,6
9.49299999999999,6
9.494,1
9.495,7
9.496,10
9.497,15
9.498,14
9.499,11
9.5,12
9.501,10
9.502,3
9.503,2
9.504,2
9.505,0
9.506,1
9.50700000000001,6
9.508,0
9.509,7
9.51000000000001,11
9.511,15
9.512,13
9.51300000000001,10
9.514,10
9.515,3
9.51600000000001,0
9.517,0
9.518,1
9.51900000000001,3
9.52,0
9.521,0
9.52200000000001,0
9.523,4
9.524,21
9.526,39
9.526,30
9.527,15
9.52800000000001,5
9.529,6
9.53,22
9.53100000000001,46
9.532,55
9.533,45
9.53399999999999,31
9.535,25
9.536,22
9.53699999999999,14
9.538,3
9.539,15
9.53999999999999,27
9.541,36
9.542,44
9.54299999999999,49
9.544,38
9.545,22
9.54599999999999,6
9.547,3
9.548,10
9.54899999999999,14
9.55,7
9.551,6
9.55199999999999,2
9.553,6
9.554,4
9.55499999999999,7
9.556,10
9.557,13
9.55799999999999,6
9.559,7
9.56,16
9.56099999999999,23
9.562,19
9.563,18
9.56399999999999,13
9.565,12
9.566,5
9.56699999999999,12
9.568,29
9.569,33
9.56999999999999,30
9.571,31
9.572,33
9.57299999999999,23
9.574,4
9.575,2
9.57599999999999,12
9.577,18
9.578,29
9.57899999999999,42
9.58,37
9.58199999999999,37
9.58199999999999,48
9.583,27
9.584,3
9.58499999999999,32
9.586,47
9.587,53
9.58799999999999,64
9.589,56
9.59,34
9.59099999999999,12
9.592,3
9.593,20
9.595,32
9.595,35
9.596,29
9.59699999999999,21
9.598,11
9.599,7
9.59999999999999,9
9.601,4
9.602,10
9.60299999999999,9
9.604,16
9.605,20
9.60599999999999,27
9.607,15
9.608,0
9.60899999999999,20
9.61,26
9.611,30
9.61199999999999,32
9.613,28
9.614,19
9.61499999999999,6
9.616,7
9.617,11
9.61799999999999,5
9.619,10
9.62,8
9.621,15
9.622,19
9.623,26
9.624,25
9.625,18
9.626,10
9.627,0
9.628,17
9.629,18
9.63,9
9.631,7
9.63200000000001,0
9.633,3
9.634,6
9.63500000000001,4
9.636,2
9.637,2
9.63800000000001,8
9.639,10
9.64,12
9.64100000000001,12
9.642,0
9.643,19
9.64400000000001,43
9.645,43
9.646,34
9.64700000000001,25
9.648,12
9.649,10
9.651,20
9.651,27
9.652,31
9.65300000000001,31
9.654,29
9.655,24
9.65600000000001,18
9.657,22
9.658,24
9.65899999999999,23
9.66,17
9.661,11
9.66199999999999,8
9.664,11
9.664,6
9.66499999999999,0
9.666,14
9.667,43
9.66799999999999,57
9.669,67
9.67,62
9.67099999999999,50
9.672,35
9.673,16
9.67399999999999,0
9.675,2
9.676,7
9.67699999999999,17
9.678,28
9.679,36
9.67999999999999,44
9.681,45
9.682,49
9.68299999999999,42
9.684,24
9.685,11
9.68599999999999,3
9.687,22
9.688,33
9.68899999999999,30
9.69,24
9.691,18
9.69199999999999,9
9.693,1
9.694,5
9.69499999999999,7
9.696,14
9.697,25
9.69799999999999,21
9.699,12
9.7,3
9.70099999999999,0
9.702,8
9.703,17
9.70399999999999,14
9.705,2
9.70699999999999,12
9.70699999999999,7
9.708,3
9.709,0
9.70999999999999,14
9.711,16
9.712,15
9.71299999999999,20
9.714,21
9.715,23
9.71599999999999,21
9.717,12
9.718,6
9.72,21
9.72,25
9.721,27
9.72199999999999,30
9.723,40
9.724,30
9.72499999999999,10
9.726,17
9.727,36
9.72799999999999,30
9.729,27
9.73,23
9.73099999999999,5
9.732,10
9.733,12
9.73399999999999,8
9.735,11
9.736,18
9.73699999999999,17
9.738,21
9.739,18
9.73999999999999,13
9.741,13
9.742,9
9.74299999999999,7
9.744,1
9.745,10
9.746,16
9.747,10
9.748,21
9.749,28
9.75,16
9.751,5
9.752,9
9.753,15
9.754,25
9.755,23
9.756,21
9.75700000000001,4
9.758,10
9.759,25
9.76000000000001,35
9.761,37
9.762,31
9.76300000000001,11
9.764,9
9.765,17
9.76600000000001,25
9.767,29
9.768,31
9.76900000000001,26
9.77,20
9.771,12
9.77200000000001,0
9.773,9
9.774,14
9.776,23
9.776,25
9.777,18
9.77800000000001,17
9.779,9
9.78,2
9.78100000000001,2
9.782,10
9.783,22
9.78399999999999,23
9.785,15
9.786,6
9.78699999999999,5
9.789,2
9.789,16
9.78999999999999,18
9.791,5
9.792,1
9.79299999999999,2
9.794,0
9.795,2
9.79599999999999,14
9.797,16
9.798,17
9.79899999999999,21
9.8,15
9.801,11
9.80199999999999,7
9.803,0
9.804,9
9.80499999999999,8
9.806,3
9.807,0
9.80799999999999,5
9.809,3
9.81,3
9.81099999999999,2
9.812,0
9.813,12
9.81399999999999,22
9.815,20
9.816,2
9.81699999999999,0
9.818,13
9.819,29
9.81999999999999,29
9.821,22
9.822,15
9.82299999999999,16
9.824,1
9.825,20
9.82599999999999,31
9.827,28
9.828,19
9.82899999999999,10
9.83,7
9.83199999999999,18
9.83199999999999,11
9.833,8
9.834,11
9.83499999999999,17
9.836,10
9.837,7
9.83799999999999,11
9.839,10
9.84,2
9.84099999999999,22
9.842,26
9.843,19
9.845,22
9.845,14
9.846,6
9.84699999999999,22
9.848,13
9.849,2
9.84999999999999,13
9.851,15
9.852,4
9.85299999999999,15
9.854,20
9.855,23
9.85599999999999,23
9.857,19
9.858,6
9.85899999999999,2
9.86,13
9.861,5
9.86199999999999,7
9.863,16
9.864,19
9.86499999999999,29
9.866,34
9.867,21
9.86799999999999,8
9.869,6
9.87,18
9.871,17
9.872,15
9.873,15
9.874,18
9.875,4
9.876,0
9.877,0
9.878,0
9.879,7
9.88,13
9.881,18
9.88200000000001,4
9.883,11
9.884,15
9.88500000000001,9
9.886,1
9.887,5
9.88800000000001,9
9.889,11
9.89,3
9.89100000000001,1
9.892,3
9.893,1
9.89400000000001,3
9.895,1
9.896,7
9.89700000000001,12
9.898,17
9.899,19
9.901,19
9.901,26
9.902,21
9.90300000000001,0
9.904,20
9.905,32
9.90600000000001,49
9.907,52
9.908,44
9.90899999999999,28
9.91,5
9.911,15
9.91199999999999,27
9.914,42
9.914,45
9.91499999999999,34
9.916,20
9.917,9
9.91799999999999,14
9.919,0
9.92,16
9.92099999999999,27
9.922,36
9.923,41
9.92399999999999,33
9.925,10
9.926,8
9.92699999999999,23
9.928,31
9.929,22
9.92999999999999,7
9.931,1
9.932,8
9.93299999999999,4
9.934,11
9.935,18
9.93599999999999,17
9.937,13
9.938,7
9.93899999999999,0
9.94,1
9.941,5
9.94199999999999,1
9.943,18
9.944,29
9.94499999999999,27
9.946,26
9.947,8
9.94799999999999,19
9.949,45
9.95,54
9.95099999999999,52
9.952,40
9.953,27
9.95399999999999,17
9.955,11
9.95699999999999,4
9.95699999999999,13
9.958,21
9.959,21
9.95999999999999,23
9.961,23
9.962,21
9.96299999999999,18
9.964,12
9.965,6
9.96599999999999,5
9.967,5
9.968,3
9.97,5
9.97,1
9.971,0
9.97199999999999,2
9.973,5
9.974,6
9.97499999999999,1
9.976,7
9.977,16
9.97799999999999,17
9.979,19
9.98,18
9.98099999999999,10
9.982,3
9.983,5
9.98399999999999,15
9.985,26
9.986,14
9.98699999999999,12
9.988,10
9.989,0
9.98999999999999,17
9.991,20
9.992,20
9.99299999999999,15
9.994,15
9.995,4
9.996,10
9.997,26
9.998,21
9.999,17
10,13
10.001,7
10.002,8
10.003,14
10.004,1
10.005,0
10.006,0
10.007,9
10.008,14
10.009,5
10.01,10
10.011,16
10.012,20
10.013,23
10.014,30
10.015,11
10.016,1
10.017,6
10.018,5
10.019,5
10.02,18
10.021,23
10.022,12
10.023,15
10.024,8
10.026,4
10.026,9
10.027,8
10.028,11
10.029,6
10.03,15
10.031,8
10.032,0
10.033,7
10.034,14
10.035,15
10.036,14
10.037,12
10.039,12
10.039,8
10.04,5
10.041,3
10.042,6
10.043,9
10.044,4
10.045,7
10.046,20
10.047,19
10.048,22
10.049,5
10.05,3
10.051,15
10.052,24
10.053,33
10.054,25
10.055,11
10.056,11
10.057,10
10.058,3
10.059,7
10.06,13
10.061,15
10.062,16
10.063,19
10.064,25
10.065,22
10.066,24
10.067,22
10.068,14
10.069,0
10.07,10
10.071,26
10.072,37
10.073,27
10.074,15
10.075,3
10.076,3
10.077,0
10.078,0
10.079,4
10.08,24
10.082,31
10.082,20
10.083,10
10.084,3
10.085,11
10.086,28
10.087,33
10.088,14
10.089,2
10.09,16
10.091,29
10.092,20
10.093,4
10.095,0
10.095,0
10.096,24
10.097,19
10.098,13
10.099,11
10.1,13
10.101,5
10.102,8
10.103,22
10.104,30
10.105,36
10.106,31
10.107,9
10.108,5
10.109,17
10.11,21
10.111,16
10.112,7
10.113,8
10.114,8
10.115,4
10.116,7
10.117,8
10.118,5
10.119,2
10.12,14
10.121,18
10.122,21
10.123,22
10.124,18
10.125,8
10.126,0
10.127,3
10.128,10
10.129,12
10.13,8
10.131,3
10.132,6
10.133,11
10.134,18
10.135,17
10.136,6
10.137,2
10.138,12
10.139,16
10.14,18
10.141,4
10.142,5
10.143,4
10.144,14
10.145,20
10.146,26
10.147,2
10.148,15
10.149,17
10.151,3
10.151,4
10.152,16
10.153,19
10.154,8
10.155,7
10.156,17
10.157,16
10.158,17
10.159,18
10.16,22
10.161,25
10.162,30
10.164,30
10.164,19
10.165,3
10.166,0
10.167,11
10.168,24
10.169,29
10.17,22
10.171,17
10.172,19
10.173,13
10.174,13
10.175,11
10.176,10
10.177,3
10.178,3
10.179,9
10.18,10
10.181,19
10.182,23
10.183,8
10.184,10
10.185,15
10.186,17
10.187,18
10.188,9
10.189,4
10.19,11
10.191,17
10.192,31
10.193,35
10.194,23
10.195,12
10.196,9
10.197,0
10.198,22
10.199,32
10.2,28
10.201,24
10.202,22
10.203,9
10.204,0
10.205,9
10.207,9
10.207,17
10.208,23
10.209,19
10.21,13
10.211,6
10.212,9
10.213,0
10.214,11
10.215,12
10.216,20
10.217,20
10.218,9
10.22,5
10.22,1
10.221,9
10.222,11
10.223,18
10.224,21
10.225,24
10.226,48
10.227,45
10.228,8
10.229,38
10.23,59
10.231,68
10.232,69
10.233,37
10.234,12
10.235,8
10.236,0
10.237,13
10.238,22
10.239,27
10.24,28
10.241,26
10.242,23
10.243,21
10.244,17
10.245,16
10.246,27
10.247,23
10.248,9
10.249,0
10.25,10
10.251,20
10.252,30
10.253,13
10.254,4
10.255,7
10.256,9
10.257,4
10.258,5
10.259,17
10.26,12
10.261,4
10.262,5
10.263,0
10.264,4
10.265,5
10.266,4
10.267,7
10.268,9
10.269,13
10.27,14
10.271,15
10.272,16
10.273,10
10.274,7
10.276,3
10.276,1
10.277,0
10.278,7
10.279,19
10.28,20
10.281,16
10.282,15
10.283,6
10.284,0
10.285,3
10.286,1
10.287,4
10.289,7
10.289,8
10.29,6
10.291,0
10.292,5
10.293,12
10.294,12
10.295,15
10.296,16
10.297,21
10.298,22
10.299,16
10.3,5
10.301,2
10.302,1
10.303,7
10.304,7
10.305,2
10.306,0
10.307,1
10.308,2
10.309,1
10.31,3
10.311,1
10.312,0
10.313,9
10.314,3
10.315,8
10.316,21
10.317,24
10.318,22
10.319,19
10.32,10
10.321,3
10.322,4
10.323,9
10.324,13
10.325,13
10.326,5
10.327,11
10.328,9
10.329,6
10.33,4
10.332,7
10.332,0
10.333,2
10.334,1
10.335,3
10.336,4
10.337,1
10.338,1
10.339,3
10.34,13
10.341,14
10.342,8
10.343,0
10.345,8
10.345,15
10.346,9
10.347,2
10.348,4
10.349,1
10.35,2
10.351,5
10.352,15
10.353,17
10.354,6
10.355,11
10.356,21
10.357,21
10.358,12
10.359,0
10.36,11
10.361,22
10.362,18
10.363,15
10.364,9
10.365,2
10.366,6
10.367,11
10.368,11
10.369,13
10.37,8
10.371,8
10.372,7
10.373,4
10.374,1
10.375,0
10.376,4
10.377,8
10.378,9
10.379,6
10.38,4
10.381,2
10.382,9
10.383,6
10.384,12
10.385,22
10.386,28
10.387,8
10.388,5
10.389,5
10.39,4
10.391,22
10.392,25
10.393,18
10.394,18
10.395,17
10.396,9
10.397,3
10.398,4
10.399,21
10.401,21
10.401,19
10.402,19
10.403,22
10.404,14
10.405,0
10.406,2
10.407,7
10.408,15
10.409,19
10.41,7
10.411,2
10.412,2
10.413,6
10.414,6
10.415,7
10.416,10
10.417,16
10.418,15
10.419,3
10.42,13
10.421,22
10.422,25
10.423,16
10.424,11
10.425,0
10.426,0
10.427,11
10.428,21
10.429,25
10.43,18
10.431,10
10.432,3
10.433,5
10.434,15
10.435,15
10.436,6
10.437,0
10.438,3
10.439,1
10.44,4
10.441,0
10.442,0
10.443,9
10.444,12
10.445,9
10.446,3
10.447,0
10.448,6
10.449,10
10.45,12
10.451,10
10.452,8
10.453,1
10.454,0
10.455,6
10.457,11
10.457,7
10.458,0
10.459,7
10.46,1
10.461,3
10.462,2
10.463,0
10.464,6
10.465,4
10.466,0
10.467,4
10.468,6
10.47,3
10.47,0
10.471,5
10.472,7
10.473,7
10.474,0
10.475,7
10.476,6
10.477,9
10.478,5
10.479,6
10.48,2
10.481,0
10.482,1
10.483,2
10.484,0
10.485,4
10.486,0
10.487,1
10.488,2
10.489,4
10.49,3
10.491,1
10.492,0
10.493,2
10.494,5
10.495,9
10.496,0
10.497,0
10.498,7
10.499,4
10.5,4
10.501,0
10.502,0
10.503,1
10.504,3
10.505,4
10.506,6
10.507,2
10.508,3
10.509,2
10.51,6
10.511,2
10.512,4
10.513,2
10.514,3
10.515,2
10.516,2
10.517,3
10.518,2
10.519,1
10.52,4
10.521,2
10.522,6
10.523,13
10.524,9
10.526,4
10.526,0
10.527,8
10.528,16
10.529,15
10.53,13
10.531,0
10.532,0
10.533,2
10.534,9
10.535,7
10.536,5
10.537,6
10.539,1
10.539,5
10.54,7
10.541,7
10.542,10
10.543,10
10.544,9
10.545,8
10.546,10
10.547,9
10.548,13
10.549,12
10.55,15
10.551,16
10.552,2
10.553,4
10.554,16
10.555,25
10.556,31
10.557,24
10.558,9
10.559,2
10.56,1
10.561,4
10.562,4
10.563,9
10.564,9
10.565,8
10.566,9
10.567,9
10.568,5
10.569,3
10.57,5
10.571,2
10.572,3
10.573,2
10.574,0
10.575,4
10.576,9
10.577,15
10.578,9
10.579,2
10.58,16
10.582,13
10.582,17
10.583,15
10.584,8
10.585,11
10.586,4
10.587,1
10.588,5
10.589,2
10.59,0
10.591,3
10.592,6
10.593,8
10.595,7
10.595,3
10.596,3
10.597,4
10.598,5
10.599,0
10.6,6
10.601,10
10.602,9
10.603,13
10.604,5
10.605,0
10.606,5
10.607,15
10.608,19
10.609,19
10.61,11
10.611,0
10.612,4
10.613,0
10.614,0
10.615,0
10.616,2
10.617,0
10.618,0
10.619,2
10.62,12
10.621,8
10.622,8
10.623,11
10.624,12
10.625,7
10.626,2
10.627,2
10.628,5
10.629,0
10.63,6
10.631,5
10.632,5
10.633,0
10.634,15
10.635,22
10.636,22
10.637,20
10.638,8
10.639,0
10.64,0
10.641,0
10.642,5
10.643,8
10.644,8
10.645,10
10.646,10
10.647,11
10.648,8
10.649,9
10.651,8
10.651,3
10.652,5
10.653,6
10.654,5
10.655,9
10.656,11
10.657,6
10.658,1
10.659,6
10.66,13
10.661,10
10.662,15
10.664,16
10.664,13
10.665,6
10.666,0
10.667,4
10.668,0
10.669,0
10.67,0
10.671,3
10.672,5
10.673,7
10.674,5
10.675,7
10.676,3
10.677,6
10.678,7
10.679,6
10.68,15
10.681,17
10.682,15
10.683,8
10.684,0
10.685,9
10.686,15
10.687,18
10.688,12
10.689,13
10.69,12
10.691,10
10.692,10
10.693,3
10.694,4
10.695,6
10.696,5
10.697,0
10.698,0
10.699,1
10.7,5
10.701,6
10.702,13
10.703,16
10.704,20
10.705,18
10.707,11
10.707,4
10.708,2
10.709,13
10.71,13
10.711,16
10.712,13
10.713,10
10.714,5
10.715,3
10.716,5
10.717,4
10.718,8
10.72,6
10.72,7
10.721,5
10.722,2
10.723,2
10.724,0
10.725,6
10.726,4
10.727,4
10.728,3
10.729,0
10.73,0
10.731,0
10.732,0
10.733,0
10.734,0
10.735,0
10.736,4
10.737,4
10.738,3
10.739,2
10.74,6
10.741,1
10.742,3
10.743,2
10.744,2
10.745,1
10.746,1
10.747,3
10.748,0
10.749,6
10.75,4
10.751,3
10.752,4
10.753,1
10.754,3
10.755,5
10.756,5
10.757,0
10.758,0
10.759,1
10.76,3
10.761,1
10.762,3
10.763,0
10.764,6
10.765,14
10.766,13
10.767,11
10.768,4
10.769,3
10.77,11
10.771,20
10.772,24
10.773,24
10.774,14
10.776,8
10.776,1
10.777,0
10.778,8
10.779,9
10.78,10
10.781,7
10.782,8
10.783,5
10.784,2
10.785,6
10.786,6
10.787,6
10.789,6
10.789,9
10.79,10
10.791,14
10.792,16
10.793,11
10.794,1
10.795,10
10.796,13
10.797,18
10.798,13
10.799,14
10.8,10
10.801,8
10.802,6
10.803,5
10.804,4
10.805,2
10.806,3
10.807,5
10.808,6
10.809,5
10.81,5
10.811,4
10.812,4
10.813,4
10.814,5
10.815,7
10.816,7
10.817,3
10.818,0
10.819,2
10.82,1
10.821,0
10.822,0
10.823,2
10.824,2
10.825,1
10.826,2
10.827,1
10.828,0
10.829,0
10.83,1
10.832,1
10.832,5
10.833,5
10.834,5
10.835,1
10.836,0
10.837,3
10.838,3
10.839,2
10.84,4
10.841,4
10.842,6
10.843,6
10.845,7
10.845,9
10.846,13
10.847,13
10.848,8
10.849,0
10.85,10
10.851,21
10.852,23
10.853,14
10.854,9
10.855,0
10.856,8
10.857,10
10.858,11
10.859,11
10.86,5
10.861,2
10.862,1
10.863,4
10.864,6
10.865,1
10.866,0
10.867,2
10.868,2
10.869,0
10.87,0
10.871,0
10.872,2
10.873,3
10.874,5
10.875,7
10.876,5
10.877,2
10.878,2
10.879,3
10.88,4
10.881,1
10.882,1
10.883,0
10.884,2
10.885,0
10.886,0
10.887,1
10.888,0
10.889,0
10.89,0
10.891,0
10.892,2
10.893,2
10.894,3
10.895,3
10.896,0
10.897,0
10.898,5
10.899,1
10.901,2
10.901,0
10.902,0
10.903,0
10.904,3
10.905,4
10.906,3
10.907,1
10.908,2
10.909,0
10.91,2
10.911,1
10.912,2
10.914,0
10.914,7
10.915,4
10.916,0
10.917,6
10.918,7
10.919,7
10.92,0
10.921,3
10.922,10
10.923,15
10.924,17
10.925,11
10.926,5
10.927,6
10.928,9
10.929,10
10.93,12
10.931,10
10.932,11
10.933,3
10.934,1
10.935,0
10.936,3
10.937,3
10.938,0
10.939,1
10.94,1
10.941,4
10.942,7
10.943,5
10.944,6
10.945,5
10.946,9
10.947,7
10.948,8
10.949,5
10.95,5
10.951,3
10.952,3
10.953,1
10.954,1
10.955,0
10.957,0
10.957,2
10.958,1
10.959,0
10.96,0
10.961,2
10.962,1
10.963,2
10.964,2
10.965,0
10.966,0
10.967,1
10.968,2
10.97,0
10.97,1
10.971,4
10.972,5
10.973,3
10.974,0
10.975,2
10.976,0
10.977,3
10.978,7
10.979,9
10.98,9
10.981,9
10.982,3
10.983,3
10.984,6
10.985,7
10.986,7
10.987,1
10.988,0
10.989,5
10.99,7
10.991,5
10.992,1
10.993,6
10.994,7
10.995,7
10.996,6
10.997,4
10.998,2
10.999,6
11,11
11.001,9
11.002,8
11.003,6
11.004,4
11.005,5
11.006,0
11.007,2
11.008,1
11.009,0
11.01,3
11.011,2
11.012,0
11.013,2
11.014,2
11.015,0
11.016,0
11.017,3
11.018,1
11.019,0
11.02,1
11.021,1
11.022,1
11.023,2
11.024,0
11.026,1
11.026,0
11.027,0
11.028,0
11.029,1
11.03,5
11.031,1
11.032,1
11.033,2
11.034,0
11.035,2
11.036,3
11.037,2
11.038,0
11.039,1
11.04,0
11.041,0
11.042,0
11.043,0
11.044,2
11.045,2
11.046,3
11.047,0
11.048,0
11.049,1
11.05,1
11.051,0
11.052,0
11.053,1
11.054,0
11.055,0
11.056,0
11.057,1
11.058,0
11.059,0
11.06,1
11.061,0
11.062,1
11.063,0
11.064,2
11.065,1
11.066,3
11.067,3
11.068,1
11.069,2
11.07,1
11.071,2
11.072,2
11.073,2
11.074,2
11.075,4
11.076,2
11.077,3
11.078,0
11.079,0
11.08,3
11.082,3
11.082,5
11.083,0
11.084,3
11.085,4
11.086,0
11.087,3
11.088,0
11.089,0
11.09,0
11.091,1
11.092,3
11.093,3
11.094,4
11.095,0
11.096,3
11.097,2
11.098,0
11.099,3
11.1,2
11.101,0
11.102,0
11.103,0
11.104,0
11.105,0
11.106,0
11.107,0
11.108,0
11.109,0
11.11,1
11.111,1
11.112,5
11.113,3
11.114,0
11.115,2
11.116,0
11.117,2
11.118,1
11.119,3
11.12,0
11.121,0
11.122,1
11.123,2
11.124,1
11.125,0
11.126,2
11.127,0
11.128,0
11.129,3
11.13,4
11.131,5
11.132,3
11.133,4
11.134,10
11.135,1
11.136,2
11.137,4
11.138,4
11.139,7
11.14,5
11.141,0
11.142,0
11.143,0
11.144,2
11.145,2
11.146,4
11.147,3
11.148,4
11.149,2
11.151,3
11.151,3
11.152,2
11.153,2
11.154,0
11.155,0
11.156,0
11.157,0
11.158,0
11.159,0
11.16,0
11.161,0
11.162,1
11.164,2
11.164,0
11.165,3
11.166,2
11.167,0
11.168,2
11.169,0
11.17,1
11.171,1
11.172,2
11.173,0
11.174,2
11.175,0
11.176,1
11.177,0
11.178,0
11.179,1
11.18,0
11.181,0
11.182,1
11.183,0
11.184,1
11.185,0
11.186,1
11.187,1
11.188,1
11.189,0
11.19,0
11.191,0
11.192,0
11.193,1
11.194,1
11.195,0
11.196,1
11.197,1
11.198,1
11.199,2
11.2,0
11.201,3
11.202,4
11.203,1
11.204,1
11.205,1
11.207,0
11.207,0
11.208,0
11.209,0
11.21,2
11.211,0
11.212,1
11.213,3
11.214,3
11.215,1
11.216,0
11.217,2
11.218,2
11.22,0
11.22,0
11.221,0
11.222,1
11.223,2
11.224,1
11.225,0
11.226,1
11.227,1
11.228,0
11.229,1
11.23,4
11.231,3
11.232,2
11.233,2
11.234,0
11.235,0
11.236,2
11.237,2
11.238,0
11.239,1
11.24,1
11.241,0
11.242,0
11.243,2
11.244,0
11.245,0
11.246,0
11.247,1
11.248,2
11.249,1
11.25,0
11.251,0
11.252,2
11.253,2
11.254,0
11.255,0
11.256,0
11.257,0
11.258,0
11.259,1
11.26,0
11.261,2
11.262,3
11.263,0
11.264,1
11.265,3
11.266,0
11.267,2
11.268,0
11.269,1
11.27,0
11.271,0
11.272,2
11.273,0
11.274,3
11.276,1
11.276,0
11.277,1
11.278,0
11.279,1
11.28,0
11.281,0
11.282,3
11.283,3
11.284,2
11.285,0
11.286,0
11.287,2
11.289,4
11.289,0
11.29,1
11.291,0
11.292,1
11.293,0
11.294,1
11.295,1
11.296,3
11.297,0
11.298,3
11.299,1
11.3,2
11.301,0
11.302,2
11.303,0
11.304,0
11.305,2
11.306,0
11.307,2
11.308,0
11.309,1
11.31,0
11.311,0
11.312,2
11.313,2
11.314,0
11.315,1
11.316,0
11.317,2
11.318,1
11.319,0
11.32,2
11.321,1
11.322,0
11.323,1
11.324,2
11.325,0
11.326,0
11.327,1
11.328,0
11.329,3
11.33,2
11.332,2
11.332,1
11.333,3
11.334,3
11.335,2
11.336,0
11.337,0
11.338,1
11.339,3
11.34,2
11.341,0
11.342,0
11.343,1
11.345,2
11.345,1
11.346,3
11.347,4
11.348,2
11.349,1
11.35,1
11.351,1
11.352,0
11.353,0
11.354,0
11.355,0
11.356,4
11.357,1
11.358,3
11.359,0
11.36,1
11.361,1
11.362,3
11.363,0
11.364,0
11.365,0
11.366,2
11.367,0
11.368,0
11.369,0
11.37,0
11.371,0
11.372,0
11.373,0
11.374,1
11.375,0
11.376,0
11.377,1
11.378,2
11.379,1
11.38,2
11.381,2
11.382,0
11.383,1
11.384,3
11.385,0
11.386,0
11.387,0
11.388,0
11.389,0
11.39,3
11.391,2
11.392,2
11.393,0
11.394,0
11.395,1
11.396,2
11.397,2
11.398,3
11.399,1
11.401,0
11.401,0
11.402,1
11.403,2
11.404,1
11.405,0
11.406,0
11.407,0
11.408,0
11.409,2
11.41,0
11.411,1
11.412,2
11.414,0
11.414,2
11.415,1
11.416,0
11.417,0
11.418,0
11.419,2
11.42,0
11.421,0
11.422,0
11.423,0
11.424,3
11.425,0
11.426,1
11.427,10
11.428,1
11.429,3
11.43,1
11.431,0
11.432,3
11.433,2
11.434,1
11.435,0
11.436,2
11.437,1
11.438,1
11.439,0
11.44,0
11.441,0
11.442,1
11.443,0
11.444,1
11.445,0
11.446,1
11.447,3
11.448,2
11.449,3
11.45,2
11.451,0
11.452,0
11.453,3
11.454,1
11.455,1
11.457,0
11.457,1
11.458,1
11.459,0
11.46,0
11.461,1
11.462,0
11.463,0
11.464,1
11.465,1
11.466,0
11.467,1
11.468,1
11.47,0
11.47,0
11.471,0
11.472,0
11.473,0
11.474,1
11.475,0
11.476,1
11.477,1
11.478,0
11.479,2
11.48,2
11.481,1
11.482,3
11.483,1
11.484,0
11.485,0
11.486,1
11.487,0
11.488,0
11.489,0
11.49,2
11.491,0
11.492,0
11.493,2
11.494,2
11.495,0
11.496,0
11.497,4
11.498,1
11.499,0
11.5,2
11.501,0
11.502,1
11.503,0
11.504,1
11.505,0
11.506,0
11.507,3
11.508,0
11.509,0
11.51,0
11.511,2
11.512,3
11.513,2
11.514,1
11.515,0
11.516,3
11.517,2
11.518,0
11.519,0
11.52,0
11.521,0
11.522,0
11.523,2
11.524,0
11.526,5
11.526,0
11.527,0
11.528,2
11.529,0
11.53,2
11.531,0
11.532,0
11.533,3
11.534,0
11.535,0
11.536,0
11.537,1
11.539,1
11.539,0
11.54,0
11.541,2
11.542,1
11.543,0
11.544,0
11.545,2
11.546,2
11.547,3
11.548,3
11.549,0
11.55,1
11.551,2
11.552,1
11.553,2
11.554,0
11.555,1
11.556,1
11.557,0
11.558,0
11.559,1
11.56,3
11.561,1
11.562,0
11.563,1
11.564,3
11.565,2
11.566,3
11.567,2
11.568,0
11.569,0
11.57,0
11.571,0
11.572,0
11.573,0
11.574,2
11.575,0
11.576,0
11.577,2
11.578,3
11.579,0
11.58,1
11.582,4
11.582,0
11.583,3
11.584,4
11.585,2
11.586,0
11.587,0
11.588,1
11.589,2
11.59,3
11.591,0
11.592,0
11.593,0
11.595,2
11.595,0
11.596,2
11.597,2
11.598,2
11.599,1
11.6,3
11.601,2
11.602,2
11.603,0
11.604,2
11.605,0
11.606,1
11.607,1
11.608,0
11.609,0
11.61,0
11.611,1
11.612,2
11.613,3
11.614,1
11.615,3
11.616,1
11.617,2
11.618,0
11.619,0
11.62,0
11.621,3
11.622,2
11.623,0
11.624,2
11.625,1
11.626,0
11.627,3
11.628,1
11.629,2
11.63,3
11.631,1
11.632,2
11.633,1
11.634,3
11.635,2
11.636,2
11.637,1
11.638,0
11.639,0
11.64,0
11.641,0
11.642,0
11.643,2
11.644,0
11.645,1
11.646,0
11.647,9
11.648,3
11.649,2
11.651,0
11.651,0
11.652,0
11.653,0
11.654,0
11.655,0
11.656,2
11.657,0
11.658,1
11.659,1
11.66,0
11.661,2
11.662,0
11.664,0
11.664,2
11.665,1
11.666,2
11.667,0
11.668,0
11.669,1
11.67,0
11.671,2
11.672,0
11.673,0
11.674,0
11.675,2
11.676,1
11.677,1
11.678,0
11.679,1
11.68,1
11.681,3
11.682,0
11.683,3
11.684,2
11.685,2
11.686,1
11.687,0
11.688,2
11.689,2
11.69,2
11.691,1
11.692,0
11.693,1
11.694,0
11.695,2
11.696,0
11.697,2
11.698,0
11.699,1
11.7,1
11.701,0
11.702,1
11.703,1
11.704,1
11.705,2
11.707,0
11.707,1
11.708,0
11.709,0
11.71,2
11.711,0
11.712,0
11.713,2
11.714,0
11.715,2
11.716,1
11.717,0
11.718,2
11.72,1
11.72,1
11.721,2
11.722,2
11.723,1
11.724,0
11.725,1
11.726,1
11.727,0
11.728,2
11.729,2
11.73,2
11.731,0
11.732,2
11.733,0
11.734,2
11.735,2
11.736,0
11.737,2
11.738,0
11.739,0
11.74,1
11.741,1
11.742,1
11.743,1
11.744,0
11.745,1
11.746,1
11.747,1
11.748,0
11.749,0
11.75,2
11.751,0
11.752,2
11.753,0
11.754,0
11.755,0
11.756,2
11.757,0
11.758,1
11.759,1
11.76,0
11.761,0
11.762,4
11.763,3
11.764,1
11.765,0
11.766,3
11.767,1
11.768,1
11.769,1
11.77,0
11.771,0
11.772,1
11.773,2
11.774,0
11.776,0
11.776,0
11.777,0
11.778,3
11.779,0
11.78,2
11.781,3
11.782,0
11.783,3
11.784,1
11.785,0
11.786,0
11.787,0
11.789,0
11.789,0
11.79,0
11.791,1
11.792,0
11.793,0
11.794,2
11.795,0
11.796,2
11.797,2
11.798,4
11.799,0
11.8,2
11.801,1
11.802,1
11.803,0
11.804,0
11.805,0
11.806,3
11.807,1
11.808,2
11.809,0
11.81,2
11.811,0
11.812,1
11.813,1
11.814,3
11.815,3
11.816,0
11.817,0
11.818,2
11.819,2
11.82,1
11.821,0
11.822,2
11.823,0
11.824,2
11.825,1
11.826,0
11.827,2
11.828,1
11.829,1
11.83,4
11.832,1
11.832,4
11.833,1
11.834,0
11.835,0
11.836,0
11.837,0
11.838,0
11.839,0
11.84,2
11.841,2
11.842,1
11.843,2
11.845,1
11.845,1
11.846,0
11.847,0
11.848,0
11.849,0
11.85,3
11.851,2
11.852,0
11.853,0
11.854,3
11.855,0
11.856,0
11.857,2
11.858,0
11.859,1
11.86,2
11.861,1
11.862,0
11.863,2
11.864,0
11.865,0
11.866,2
11.867,0
11.868,2
11.869,0
11.87,0
11.871,0
11.872,0
11.873,1
11.874,0
11.875,0
11.876,0
11.877,0
11.878,2
11.879,4
11.88,1
11.881,4
11.882,3
11.883,4
11.884,1
11.885,2
11.886,1
11.887,0
11.888,2
11.889,2
11.89,0
11.891,0
11.892,1
11.893,0
11.894,1
11.895,0
11.896,0
11.897,1
11.898,0
11.899,3
11.901,1
11.901,0
11.902,2
11.903,0
11.904,0
11.905,0
11.906,5
11.907,0
11.908,1
11.909,0
11.91,2
11.911,2
11.912,0
11.913,3
11.914,2
11.915,1
11.916,2
11.917,2
11.918,0
11.919,7
11.92,0
11.921,0
11.922,0
11.923,0
11.924,0
11.925,1
11.926,0
11.927,1
11.928,1
11.929,0
11.93,2
11.931,1
11.932,2
11.933,3
11.934,0
11.935,1
11.936,0
11.937,0
11.938,0
11.939,0
11.94,2
11.941,0
11.942,0
11.943,0
11.944,0
11.945,0
11.946,2
11.947,1
11.948,1
11.949,3
11.95,0
11.951,1
11.952,0
11.953,0
11.954,1
11.955,0
11.957,0
11.957,0
11.958,1
11.959,0
11.96,3
11.961,2
11.962,2
11.963,2
11.964,2
11.965,0
11.966,2
11.967,0
11.968,0
11.97,0
11.97,0
11.971,2
11.972,1
11.973,0
11.974,0
11.975,1
11.976,0
11.977,0
11.978,0
11.979,0
11.98,0
11.981,1
11.982,1
11.983,0
11.984,2
11.985,0
11.986,2
11.987,0
11.988,0
11.989,1
11.99,0
11.991,0
11.992,0
11.993,0
11.994,2
11.995,0
11.996,1
11.997,2
11.998,5
11.999,0
12,0
12.001,1
12.002,3
12.003,1
12.004,0
12.005,0
12.006,1
12.007,0
12.008,1
12.009,0
12.01,0
12.011,0
12.012,2
12.013,1
12.014,2
12.015,2
12.016,0
12.017,2
12.018,0
12.019,1
12.02,0
12.021,0
12.022,0
12.023,0
12.024,0
12.026,0
12.026,1
12.027,0
12.028,3
12.029,1
12.03,3
12.031,3
12.032,3
12.033,4
12.034,1
12.035,1
12.036,0
12.037,0
12.038,1
12.039,3
12.04,0
12.041,3
12.042,0
12.043,0
12.044,2
12.045,1
12.046,4
12.047,3
12.048,4
12.049,2
12.05,3
12.051,3
12.052,1
12.053,1
12.054,2
12.055,0
12.056,0
12.057,1
12.058,0
12.059,0
12.06,1
12.061,0
12.062,0
12.063,2
12.064,2
12.065,4
12.066,1
12.067,1
12.068,0
12.069,0
12.07,0
12.071,0
12.072,0
12.073,0
12.074,0
12.075,0
12.076,1
12.077,1
12.078,0
12.079,2
12.08,2
12.082,2
12.082,0
12.083,3
12.084,1
12.085,1
12.086,0
12.087,0
12.088,0
12.089,3
12.09,0
12.091,0
12.092,2
12.093,3
12.094,2
12.095,2
12.096,3
12.097,4
12.098,5
12.099,3
12.1,0
12.101,3
12.102,0
12.103,0
12.104,2
12.105,0
12.106,3
12.107,0
12.108,0
12.109,3
12.11,0
12.111,1
12.112,2
12.113,2
12.114,5
12.115,6
12.116,6
12.117,3
12.118,0
12.119,4
12.12,2
12.121,2
12.122,2
12.123,2
12.124,0
12.125,0
12.126,1
12.127,2
12.128,0
12.129,0
12.13,2
12.131,4
12.132,6
12.133,9
12.134,7
12.135,4
12.136,0
12.137,1
12.138,5
12.139,7
12.14,7
12.141,7
12.142,7
12.143,0
12.144,3
12.145,2
12.146,4
12.147,4
12.148,7
12.149,4
12.151,3
12.151,3
12.152,4
12.153,1
12.154,2
12.155,1
12.156,1
12.157,0
12.158,1
12.159,1
12.16,1
12.161,0
12.162,0
12.164,0
12.164,1
12.165,1
12.166,4
12.167,1
12.168,0
12.169,4
12.17,4
12.171,3
12.172,5
12.173,0
12.174,3
12.175,0
12.176,3
12.177,3
12.178,6
12.179,4
12.18,2
12.181,3
12.182,5
12.183,2
12.184,2
12.185,2
12.186,6
12.187,9
12.188,9
12.189,8
12.19,1
12.191,1
12.192,4
12.193,4
12.194,6
12.195,5
12.196,2
12.197,0
12.198,0
12.199,0
12.2,0
12.201,3
12.202,0
12.203,0
12.204,3
12.205,2
12.207,4
12.207,3
12.208,2
12.209,1
12.21,3
12.211,2
12.212,1
12.213,3
12.214,3
12.215,0
12.216,1
12.217,6
12.218,10
12.22,10
12.22,9
12.221,9
12.222,1
12.223,4
12.224,11
12.225,16
12.226,15
12.227,15
12.228,12
12.229,11
12.23,7
12.231,2
12.232,5
12.233,11
12.234,11
12.235,12
12.236,14
12.237,6
12.238,0
12.239,1
12.24,2
12.241,6
12.242,9
12.243,4
12.244,5
12.245,7
12.246,6
12.247,1
12.248,0
12.249,1
12.25,3
12.251,13
12.252,15
12.253,22
12.254,23
12.255,17
12.256,13
12.257,10
12.258,4
12.259,6
12.26,10
12.261,17
12.262,20
12.263,21
12.264,24
12.265,28
12.266,25
12.267,19
12.268,12
12.269,9
12.27,2
12.271,0
12.272,6
12.273,10
12.274,13
12.276,14
12.276,9
12.277,10
12.278,6
12.279,6
12.28,1
12.281,3
12.282,1
12.283,0
12.284,1
12.285,1
12.286,7
12.287,7
12.289,5
12.289,7
12.29,18
12.291,22
12.292,20
12.293,10
12.294,2
12.295,9
12.296,21
12.297,29
12.298,29
12.299,31
12.3,21
12.301,10
12.302,2
12.303,6
12.304,12
12.305,18
12.306,20
12.307,29
12.308,33
12.309,45
12.31,33
12.311,22
12.312,0
12.313,16
12.314,34
12.315,49
12.316,54
12.317,49
12.318,28
12.319,5
12.32,15
12.321,20
12.322,28
12.323,30
12.324,31
12.325,32
12.326,26
12.327,21
12.328,15
12.329,2
12.33,13
12.332,28
12.332,32
12.333,31
12.334,24
12.335,23
12.336,17
12.337,9
12.338,2
12.339,7
12.34,10
12.341,14
12.342,15
12.343,20
12.344,21
12.345,26
12.346,36
12.347,33
12.348,20
12.349,0
12.35,20
12.351,34
12.352,35
12.353,28
12.354,17
12.355,8
12.356,8
12.357,14
12.358,8
12.359,0
12.36,5
12.361,12
12.362,11
12.363,3
12.364,0
12.365,12
12.366,19
12.367,16
12.368,14
12.369,4
12.37,3
12.371,10
12.372,3
12.373,9
12.374,4
12.375,2
12.376,2
12.377,24
12.378,35
12.379,38
12.38,44
12.381,54
12.382,31
12.383,0
12.384,38
12.385,68
12.386,82
12.387,86
12.388,73
12.389,37
12.39,4
12.391,27
12.392,41
12.393,38
12.394,37
12.395,44
12.396,45
12.397,36
12.398,12
12.399,11
12.401,27
12.401,27
12.402,26
12.403,17
12.404,5
12.405,16
12.406,35
12.407,39
12.408,36
12.409,26
12.41,12
12.411,6
12.412,31
12.414,55
12.414,62
12.415,52
12.416,45
12.417,37
12.418,28
12.419,1
12.42,17
12.421,26
12.422,36
12.423,42
12.424,50
12.425,48
12.426,43
12.427,32
12.428,11
12.429,2
12.43,18
12.431,27
12.432,20
12.433,17
12.434,10
12.435,0
12.436,8
12.437,9
12.438,8
12.439,14
12.44,22
12.441,34
12.442,24
12.443,4
12.444,21
12.445,31
12.446,36
12.447,40
12.448,39
12.449,28
12.45,0
12.451,23
12.452,30
12.453,24
12.454,14
12.455,0
12.457,16
12.457,24
12.458,30
12.459,31
12.46,18
12.461,7
12.462,2
12.463,8
12.464,15
12.465,22
12.466,27
12.467,39
12.468,43
12.47,34
12.47,18
12.471,10
12.472,8
12.473,5
12.474,19
12.475,27
12.476,23
12.477,18
12.478,20
12.479,27
12.48,12
12.481,3
12.482,20
12.483,38
12.484,32
12.485,29
12.486,15
12.487,0
12.488,26
12.489,41
12.49,42
12.491,36
12.492,23
12.493,4
12.494,12
12.495,22
12.496,55
12.497,61
12.498,57
12.499,34
12.5,4
12.501,21
12.502,49
12.503,70
12.504,64
12.505,51
12.506,39
12.507,21
12.508,4
12.509,8
12.51,20
12.511,34
12.512,47
12.513,64
12.514,55
12.515,33
12.516,8
12.517,8
12.518,21
12.519,18
12.52,9
12.521,6
12.522,15
12.523,0
12.524,19
12.526,23
12.526,17
12.527,21
12.528,14
12.529,9
12.53,19
12.531,18
12.532,7
12.533,1
12.534,1
12.535,0
12.536,0
12.537,4
12.539,12
12.539,13
12.54,4
12.541,1
12.542,9
12.543,11
12.544,2
12.545,5
12.546,9
12.547,17
12.548,24
12.549,19
12.55,3
12.551,6
12.552,13
12.553,9
12.554,20
12.555,20
12.556,0
12.557,10
12.558,14
12.559,10
12.56,15
12.561,14
12.562,19
12.563,28
12.564,21
12.565,4
12.566,11
12.567,13
12.568,25
12.569,28
12.57,18
12.571,6
12.572,11
12.573,20
12.574,13
12.575,3
12.576,20
12.577,35
12.578,47
12.579,54
12.58,41
12.582,32
12.582,23
12.583,2
12.584,34
12.585,47
12.586,38
12.587,37
12.588,35
12.589,14
12.59,6
12.591,19
12.592,28
12.593,25
12.595,28
12.595,34
12.596,35
12.597,13
12.598,5
12.599,19
12.6,32
12.601,35
12.602,20
12.603,0
12.604,29
12.605,27
12.606,22
12.607,13
12.608,15
12.609,41
12.61,47
12.611,27
12.612,31
12.613,32
12.614,23
12.615,7
12.616,2
12.617,0
12.618,15
12.619,37
12.62,53
12.621,55
12.622,69
12.623,62
12.624,31
12.625,1
12.626,17
12.627,33
12.628,53
12.629,54
12.63,33
12.631,17
12.632,2
12.633,30
12.634,51
12.635,51
12.636,40
12.637,26
12.638,4
12.639,26
12.64,36
12.641,49
12.642,50
12.643,39
12.644,26
12.645,11
12.646,2
12.647,6
12.648,15
12.649,34
12.651,33
12.651,35
12.652,36
12.653,28
12.654,11
12.655,0
12.656,4
12.657,6
12.658,15
12.659,10
12.66,7
12.661,13
12.662,19
12.664,11
12.664,11
12.665,15
12.666,6
12.667,8
12.668,15
12.669,29
12.67,31
12.671,19
12.672,10
12.673,3
12.674,2
12.675,8
12.676,21
12.677,36
12.678,36
12.679,31
12.68,42
12.681,27
12.682,0
12.683,26
12.684,32
12.685,38
12.686,36
12.687,16
12.688,8
12.689,19
12.69,21
12.691,22
12.692,30
12.693,34
12.694,27
12.695,22
12.696,31
12.697,19
12.698,9
12.699,30
12.7,38
12.701,51
12.702,58
12.703,34
12.704,14
12.705,15
12.707,2
12.707,12
12.708,15
12.709,17
12.71,39
12.711,42
12.712,23
12.713,4
12.714,15
12.715,32
12.716,32
12.717,24
12.718,2
12.72,8
12.72,15
12.721,34
12.722,54
12.723,62
12.724,43
12.725,9
12.726,6
12.727,38
12.728,71
12.729,58
12.73,48
12.731,46
12.732,39
12.733,26
12.734,1
12.735,9
12.736,27
12.737,34
12.738,54
12.739,74
12.74,72
12.741,89
12.742,72
12.743,21
12.744,16
12.745,40
12.746,89
12.747,117
12.748,88
12.749,70
12.75,54
12.751,29
12.752,1
12.753,23
12.754,32
12.755,54
12.756,56
12.757,50
12.758,41
12.759,32
12.76,18
12.761,18
12.762,12
12.763,2
12.764,8
12.765,17
12.766,14
12.767,7
12.768,9
12.769,31
12.77,24
12.771,2
12.772,29
12.773,38
12.774,51
12.776,60
12.776,47
12.777,33
12.778,13
12.779,0
12.78,12
12.781,22
12.782,31
12.783,59
12.784,66
12.785,65
12.786,46
12.787,37
12.789,28
12.789,16
12.79,61
12.791,73
12.792,80
12.793,78
12.794,57
12.795,31
12.796,5
12.797,13
12.798,24
12.799,33
12.8,45
12.801,50
12.802,54
12.803,57
12.804,53
12.805,38
12.806,11
12.807,14
12.808,19
12.809,44
12.81,58
12.811,51
12.812,36
12.813,31
12.814,16
12.815,2
12.816,21
12.817,41
12.818,47
12.819,30
12.82,9
12.821,16
12.822,38
12.823,53
12.824,39
12.825,16
12.826,0
12.827,19
12.828,37
12.829,37
12.83,27
12.832,20
12.832,21
12.833,17
12.834,9
12.835,4
12.836,5
12.837,19
12.838,30
12.839,40
12.84,34
12.841,25
12.842,7
12.843,10
12.845,17
12.845,22
12.846,31
12.847,37
12.848,50
12.849,49
12.85,26
12.851,0
12.852,22
12.853,48
12.854,47
12.855,43
12.856,41
12.857,24
12.858,4
12.859,9
12.86,2
12.861,5
12.862,5
12.863,6
12.864,16
12.865,40
12.866,36
12.867,24
12.868,10
12.869,2
12.87,24
12.871,24
12.872,15
12.873,6
12.874,4
12.875,8
12.876,9
12.877,10
12.878,10
12.879,26
12.88,38
12.881,21
12.882,6
12.883,2
12.884,22
12.885,40
12.886,29
12.887,16
12.888,17
12.889,16
12.89,11
12.891,0
12.892,17
12.893,21
12.894,18
12.895,6
12.896,2
12.897,11
12.898,20
12.899,7
12.901,9
12.901,31
12.902,55
12.903,47
12.904,31
12.905,9
12.906,11
12.907,18
12.908,22
12.909,21
12.91,19
12.911,27
12.912,28
12.914,27
12.914,25
12.915,18
12.916,14
12.917,9
12.918,10
12.919,3
12.92,7
12.921,9
12.922,17
12.923,27
12.924,27
12.925,27
12.926,23
12.927,13
12.928,1
12.929,9
12.93,9
12.931,10
12.932,9
12.933,17
12.934,24
12.935,24
12.936,22
12.937,22
12.938,5
12.939,21
12.94,33
12.941,41
12.942,38
12.943,28
12.944,18
12.945,3
12.946,8
12.947,7
12.948,5
12.949,2
12.95,8
12.951,5
12.952,3
12.953,10
12.954,18
12.955,26
12.957,37
12.957,39
12.958,37
12.959,26
12.96,3
12.961,18
12.962,30
12.963,46
12.964,50
12.965,29
12.966,16
12.967,11
12.968,2
12.97,15
12.97,24
12.971,25
12.972,24
12.973,22
12.974,14
12.975,10
12.976,24
12.977,19
12.978,3
12.979,7
12.98,25
12.981,46
12.982,42
12.983,26
12.984,12
12.985,3
12.986,4
12.987,8
12.988,8
12.989,9
12.99,7
12.991,8
12.992,15
12.993,11
12.994,10
12.995,8
12.996,6
12.997,9
12.998,25
12.999,25
13,19
13.001,9
13.002,1
13.003,20
13.004,32
13.005,45
13.006,48
13.007,50
13.008,26
13.009,2
13.01,14
13.011,14
13.012,14
13.013,21
13.014,35
13.015,34
13.016,20
13.017,3
13.018,19
13.019,33
13.02,23
13.021,12
13.022,5
13.023,4
13.024,10
13.026,14
13.026,17
13.027,15
13.028,17
13.029,20
13.03,20
13.031,31
13.032,36
13.033,15
13.034,1
13.035,13
13.036,38
13.037,51
13.039,39
13.039,24
13.04,19
13.041,9
13.042,6
13.043,21
13.044,22
13.045,9
13.046,3
13.047,17
13.048,28
13.049,21
13.05,7
13.051,4
13.052,10
13.053,15
13.054,16
13.055,23
13.056,34
13.057,26
13.058,13
13.059,18
13.06,7
13.061,4
13.062,2
13.063,10
13.064,22
13.065,19
13.066,7
13.067,1
13.068,1
13.069,4
13.07,0
13.071,1
13.072,1
13.073,8
13.074,3
13.075,13
13.076,20
13.077,29
13.078,16
13.079,1
13.08,4
13.082,7
13.082,12
13.083,12
13.084,12
13.085,12
13.086,13
13.087,18
13.088,31
13.089,42
13.09,28
13.091,15
13.092,4
13.093,19
13.095,27
13.095,25
13.096,26
13.097,28
13.098,25
13.099,22
13.1,21
13.101,9
13.102,8
13.103,1
13.104,8
13.105,13
13.106,6
13.107,6
13.108,11
13.109,3
13.11,1
13.111,3
13.112,9
13.113,22
13.114,29
13.115,26
13.116,21
13.117,28
13.118,24
13.119,10
13.12,1
13.121,5
13.122,23
13.123,33
13.124,35
13.125,27
13.126,22
13.127,19
13.128,9
13.129,2
13.13,19
13.131,21
13.132,21
13.133,22
13.134,10
13.135,1
13.136,2
13.137,0
13.138,4
13.139,1
13.14,1
13.141,5
13.142,12
13.143,17
13.144,15
13.145,9
13.146,10
13.147,7
13.148,22
13.149,20
13.151,18
13.151,19
13.152,22
13.153,11
13.154,3
13.155,9
13.156,11
13.157,14
13.158,21
13.159,31
13.16,14
13.161,3
13.162,12
13.164,25
13.164,31
13.165,17
13.166,12
13.167,8
13.168,14
13.169,12
13.17,18
13.171,16
13.172,19
13.173,12
13.174,2
13.175,2
13.176,3
13.177,21
13.178,28
13.179,24
13.18,24
13.181,10
13.182,0
13.183,6
13.184,12
13.185,15
13.186,19
13.187,32
13.188,29
13.189,33
13.19,26
13.191,7
13.192,21
13.193,30
13.194,22
13.195,17
13.196,7
13.197,16
13.198,17
13.199,8
13.2,1
13.201,29
13.202,42
13.203,27
13.204,9
13.205,2
13.207,29
13.207,31
13.208,17
13.209,9
13.21,0
13.211,2
13.212,5
13.213,7
13.214,12
13.215,12
13.216,16
13.217,19
13.218,15
13.22,10
13.22,12
13.221,8
13.222,5
13.223,0
13.224,9
13.225,13
13.226,20
13.227,18
13.228,12
13.229,8
13.23,7
13.231,5
13.232,12
13.233,0
13.234,11
13.235,20
13.236,16
13.237,15
13.238,3
13.239,14
13.24,27
13.241,28
13.242,20
13.243,7
13.244,5
13.245,19
13.246,34
13.247,34
13.248,19
13.249,4
13.25,28
13.251,41
13.252,36
13.253,21
13.254,5
13.255,5
13.256,10
13.257,10
13.258,15
13.259,15
13.26,21
13.261,23
13.262,15
13.263,5
13.264,10
13.265,15
13.266,10
13.267,4
13.268,1
13.269,9
13.27,19
13.271,25
13.272,10
13.273,7
13.274,10
13.276,5
13.276,1
13.277,0
13.278,7
13.279,21
13.28,18
13.281,8
13.282,17
13.283,6
13.284,0
13.285,7
13.286,9
13.287,12
13.288,15
13.289,10
13.29,9
13.291,11
13.292,12
13.293,8
13.294,7
13.295,8
13.296,7
13.297,9
13.298,9
13.299,8
13.3,7
13.301,2
13.302,5
13.303,12
13.304,18
13.305,11
13.306,23
13.307,21
13.308,12
13.309,8
13.31,18
13.311,8
13.312,7
13.313,0
13.314,4
13.315,12
13.316,10
13.317,11
13.318,17
13.319,15
13.32,12
13.321,12
13.322,7
13.323,4
13.324,10
13.325,6
13.326,6
13.327,6
13.328,1
13.329,0
13.33,0
13.332,9
13.332,3
13.333,15
13.334,16
13.335,21
13.336,27
13.337,22
13.338,17
13.339,11
13.34,2
13.341,1
13.342,7
13.343,8
13.345,12
13.345,11
13.346,18
13.347,23
13.348,25
13.349,26
13.35,17
13.351,1
13.352,9
13.353,7
13.354,6
13.355,0
13.356,2
13.357,0
13.358,8
13.359,15
13.36,21
13.361,15
13.362,5
13.363,3
13.364,7
13.365,9
13.366,16
13.367,10
13.368,4
13.369,7
13.37,14
13.371,19
13.372,15
13.373,8
13.374,4
13.375,11
13.376,17
13.377,21
13.378,20
13.379,14
13.38,13
13.381,9
13.382,16
13.383,10
13.384,13
13.385,13
13.386,2
13.387,1
13.388,4
13.389,7
13.39,5
13.391,6
13.392,10
13.393,7
13.394,5
13.395,1
13.396,1
13.397,9
13.398,10
13.399,3
13.401,8
13.401,5
13.402,0
13.403,0
13.404,5
13.405,15
13.406,14
13.407,13
13.408,8
13.409,3
13.41,13
13.411,15
13.412,10
13.414,4
13.414,4
13.415,8
13.416,6
13.417,3
13.418,2
13.419,0
13.42,4
13.421,3
13.422,1
13.423,4
13.424,1
13.425,1
13.426,2
13.427,2
13.428,6
13.429,3
13.43,4
13.431,3
13.432,3
13.433,4
13.434,12
13.435,4
13.436,0
13.437,0
13.438,2
13.439,11
13.44,7
13.441,5
13.442,6
13.443,0
13.444,8
13.445,14
13.446,13
13.447,4
13.448,0
13.449,8
13.45,8
13.451,7
13.452,5
13.453,1
13.454,2
13.455,3
13.457,4
13.457,1
13.458,4
13.459,6
13.46,2
13.461,0
13.462,0
13.463,4
13.464,4
13.465,7
13.466,5
13.467,8
13.468,7
13.469,5
13.47,5
13.471,6
13.472,5
13.473,5
13.474,3
13.475,6
13.476,3
13.477,1
13.478,6
13.479,10
13.48,16
13.481,11
13.482,4
13.483,1
13.484,1
13.485,2
13.486,2
13.487,1
13.488,4
13.489,0
13.49,0
13.491,3
13.492,2
13.493,1
13.494,4
13.495,5
13.496,4
13.497,12
13.498,14
13.499,8
13.5,3
13.501,0
13.502,10
13.503,12
13.504,11
13.505,4
13.506,3
13.507,2
13.508,1
13.509,3
13.51,0
13.511,3
13.512,1
13.513,2
13.514,2
13.515,4
13.516,5
13.517,6
13.518,6
13.519,7
13.52,6
13.521,6
13.522,12
13.523,11
13.524,11
13.526,8
13.526,3
13.527,4
13.528,11
13.529,13
13.53,15
13.531,13
13.532,8
13.533,5
13.534,7
13.535,2
13.536,1
13.537,5
13.539,6
13.539,3
13.54,4
13.541,6
13.542,7
13.543,9
13.544,4
13.545,4
13.546,4
13.547,5
13.548,5
13.549,4
13.55,4
13.551,2
13.552,0
13.553,2
13.554,3
13.555,5
13.556,6
13.557,4
13.558,2
13.559,0
13.56,0
13.561,0
13.562,4
13.563,2
13.564,2
13.565,2
13.566,0
13.567,3
13.568,2
13.569,2
13.57,1
13.571,0
13.572,5
13.573,4
13.574,1
13.575,1
13.576,0
13.577,2
13.578,0
13.579,3
13.58,0
13.582,0
13.582,1
13.583,2
13.584,1
13.585,0
13.586,0
13.587,0
13.588,1
13.589,5
13.59,8
13.591,4
13.592,0
13.593,4
13.595,8
13.595,4
13.596,3
13.597,2
13.598,6
13.599,2
13.6,0
13.601,3
13.602,1
13.603,6
13.604,11
13.605,11
13.606,9
13.607,4
13.608,4
13.609,12
13.61,14
13.611,10
13.612,6
13.613,5
13.614,3
13.615,3
13.616,2
13.617,4
13.618,3
13.619,11
13.62,4
13.621,1
13.622,2
13.623,5
13.624,5
13.625,4
13.626,9
13.627,5
13.628,4
13.629,8
13.63,4
13.631,3
13.632,2
13.633,3
13.634,0
13.635,1
13.636,0
13.637,1
13.638,3
13.639,6
13.64,5
13.641,5
13.642,4
13.643,5
13.644,2
13.645,0
13.646,2
13.647,0
13.648,3
13.649,0
13.651,1
13.651,0
13.652,4
13.653,4
13.654,4
13.655,2
13.656,6
13.657,4
13.658,2
13.659,5
13.66,4
13.661,0
13.662,2
13.663,9
13.664,9
13.665,13
13.666,11
13.667,5
13.668,0
13.669,2
13.67,3
13.671,4
13.672,7
13.673,2
13.674,11
13.675,16
13.676,22
13.677,18
13.678,12
13.679,3
13.68,5
13.681,12
13.682,14
13.683,18
13.684,12
13.685,11
13.686,13
13.687,13
13.688,14
13.689,11
13.69,7
13.691,3
13.692,3
13.693,6
13.694,8
13.695,13
13.696,15
13.697,12
13.698,12
13.699,12
13.7,12
13.701,10
13.702,6
13.703,4
13.704,4
13.705,4
13.707,0
13.707,1
13.708,1
13.709,2
13.71,4
13.711,7
13.712,6
13.713,7
13.714,3
13.715,5
13.716,5
13.717,1
13.718,3
13.72,0
13.72,2
13.721,0
13.722,0
13.723,4
13.724,7
13.725,5
13.726,5
13.727,0
13.728,3
13.729,5
13.73,2
13.731,1
13.732,3
13.733,1
13.734,5
13.735,7
13.736,4
13.737,6
13.738,6
13.739,2
13.74,1
13.741,2
13.742,0
13.743,7
13.744,7
13.745,0
13.746,5
13.747,7
13.748,0
13.749,4
13.75,10
13.751,12
13.752,9
13.753,3
13.754,3
13.755,1
13.756,0
13.757,1
13.758,5
13.759,5
13.76,5
13.761,6
13.762,9
13.763,8
13.764,10
13.765,6
13.766,6
13.767,6
13.768,1
13.769,4
13.77,5
13.771,2
13.772,1
13.773,0
13.774,5
13.776,8
13.776,8
13.777,5
13.778,6
13.779,8
13.78,1
13.781,3
13.782,1
13.783,2
13.784,0
13.785,0
13.786,0
13.787,0
13.789,0
13.789,0
13.79,3
13.791,3
13.792,5
13.793,3
13.794,5
13.795,3
13.796,8
13.797,0
13.798,0
13.799,3
13.8,4
13.801,1
13.802,4
13.803,0
13.804,2
13.805,6
13.806,6
13.807,5
13.808,4
13.809,0
13.81,3
13.811,2
13.812,3
13.813,9
13.814,13
13.815,17
13.816,7
13.817,3
13.818,11
13.819,16
13.82,19
13.821,21
13.822,13
13.823,5
13.824,4
13.825,5
13.826,4
13.827,5
13.828,5
13.829,3
13.83,3
13.832,3
13.832,4
13.833,5
13.834,6
13.835,8
13.836,4
13.837,10
13.838,21
13.839,24
13.84,20
13.841,6
13.842,3
13.843,18
13.844,31
13.845,36
13.846,33
13.847,19
13.848,0
13.849,3
13.85,8
13.851,14
13.852,14
13.853,12
13.854,13
13.855,10
13.856,8
13.857,5
13.858,6
13.859,3
13.86,4
13.861,1
13.862,0
13.863,3
13.864,4
13.865,2
13.866,2
13.867,7
13.868,3
13.869,0
13.87,2
13.871,3
13.872,3
13.873,4
13.874,3
13.875,0
13.876,1
13.877,3
13.878,0
13.879,1
13.88,0
13.881,0
13.882,2
13.883,8
13.884,11
13.885,10
13.886,4
13.887,0
13.888,2
13.889,0
13.89,3
13.891,1
13.892,2
13.893,0
13.894,0
13.895,1
13.896,2
13.897,2
13.898,1
13.899,0
13.901,2
13.901,3
13.902,3
13.903,0
13.904,0
13.905,0
13.906,3
13.907,7
13.908,8
13.909,4
13.91,3
13.911,1
13.912,1
13.914,7
13.914,12
13.915,12
13.916,9
13.917,7
13.918,7
13.919,3
13.92,5
13.921,5
13.922,4
13.923,6
13.924,7
13.925,5
13.926,3
13.927,1
13.928,2
13.929,4
13.93,6
13.931,9
13.932,10
13.933,10
13.934,4
13.935,1
13.936,1
13.937,2
13.938,7
13.939,5
13.94,8
13.941,3
13.942,2
13.943,3
13.944,1
13.945,7
13.946,7
13.947,8
13.948,6
13.949,0
13.95,1
13.951,2
13.952,3
13.953,0
13.954,0
13.955,6
13.957,5
13.957,2
13.958,4
13.959,3
13.96,0
13.961,8
13.962,7
13.963,11
13.964,14
13.965,10
13.966,2
13.967,0
13.968,6
13.97,7
13.97,8
13.971,11
13.972,6
13.973,0
13.974,0
13.975,0
13.976,0
13.977,0
13.978,0
13.979,2
13.98,2
13.981,4
13.982,5
13.983,4
13.984,3
13.985,4
13.986,4
13.987,0
13.988,0
13.989,0
13.99,3
13.991,0
13.992,0
13.993,0
13.994,0
13.995,0
13.996,1
13.997,1
13.998,0
13.999,2
14,1
14.001,7
14.002,0
14.003,0
14.004,1
14.005,0
14.006,0
14.007,1
14.008,3
14.009,0
14.01,0
14.011,0
14.012,0
14.013,1
14.014,2
14.015,1
14.016,4
14.017,3
14.018,0
14.019,3
14.02,2
14.021,1
14.022,3
14.023,2
14.024,4
14.026,3
14.026,3
14.027,2
14.028,5
14.029,6
14.03,7
14.031,3
14.032,6
14.033,4
14.034,0
14.035,0
14.036,0
14.037,3
14.038,4
14.039,3
14.04,4
14.041,1
14.042,5
14.043,1
14.044,2
14.045,5
14.046,1
14.047,1
14.048,4
14.049,1
14.05,0
14.051,0
14.052,0
14.053,0
14.054,0
14.055,0
14.056,0
14.057,0
14.058,3
14.059,1
14.06,0
14.061,2
14.062,1
14.063,0
14.064,1
14.065,0
14.066,2
14.067,0
14.068,0
14.069,0
14.07,0
14.071,0
14.072,1
14.073,1
14.074,0
14.075,2
14.076,0
14.077,1
14.078,0
14.079,2
14.08,1
14.082,4
14.082,3
14.083,1
14.084,3
14.085,0
14.086,3
14.087,0
14.088,1
14.089,0
14.09,0
14.091,0
14.092,0
14.093,0
14.094,2
14.095,2
14.096,2
14.097,1
14.098,0
14.099,0
14.1,0
14.101,0
14.102,0
14.103,0
14.104,0
14.105,0
14.106,0
14.107,0
14.108,0
14.109,0
14.11,1
14.111,0
14.112,2
14.113,3
14.114,2
14.115,0
14.116,3
14.117,5
14.118,3
14.119,1
14.12,4
14.121,4
14.122,3
14.123,1
14.124,0
14.125,0
14.126,0
14.127,1
14.128,0
14.129,2
14.13,1
14.131,1
14.132,2
14.133,4
14.134,4
14.135,0
14.136,2
14.137,1
14.138,2
14.139,0
14.14,0
14.141,1
14.142,0
14.143,1
14.144,0
14.145,1
14.146,0
14.147,1
14.148,0
14.149,0
14.151,2
14.151,0
14.152,0
14.153,0
14.154,0
14.155,0
14.156,2
14.157,1
14.158,1
14.159,0
14.16,1
14.161,0
14.162,0
14.164,3
14.164,0
14.165,1
14.166,1
14.167,3
14.168,1
14.169,1
14.17,2
14.171,3
14.172,1
14.173,0
14.174,1
14.175,0
14.176,1
14.177,2
14.178,0
14.179,1
14.18,0
14.181,0
14.182,2
14.183,3
14.184,1
14.185,3
14.186,1
14.187,3
14.188,0
14.189,0
14.19,0
14.191,1
14.192,3
14.193,2
14.194,3
14.195,2
14.196,0
14.197,2
14.198,3
14.199,1
14.2,3
14.201,2
14.202,2
14.203,3
14.204,0
14.205,2
14.207,2
14.207,0
14.208,0
14.209,0
14.21,0
14.211,0
14.212,0
14.213,0
14.214,2
14.215,1
14.216,2
14.217,0
14.218,2
14.219,0
14.22,2
14.221,0
14.222,1
14.223,3
14.224,0
14.225,2
14.226,2
14.227,0
14.228,0
14.229,0
14.23,2
14.231,2
14.232,1
14.233,4
14.234,0
14.235,1
14.236,0
14.237,0
14.238,0
14.239,0
14.24,0
14.241,1
14.242,0
14.243,0
14.244,0
14.245,0
14.246,2
14.247,0
14.248,4
14.249,2
14.25,2
14.251,2
14.252,0
14.253,0
14.254,0
14.255,0
14.256,0
14.257,0
14.258,3
14.259,0
14.26,0
14.261,2
14.262,0
14.263,0
14.264,0
14.265,3
14.266,2
14.267,3
14.268,0
14.269,0
14.27,0
14.271,1
14.272,0
14.273,0
14.274,2
14.276,0
14.276,0
14.277,0
14.278,3
14.279,0
14.28,2
14.281,1
14.282,2
14.283,0
14.284,0
14.285,3
14.286,2
14.287,0
14.289,1
14.289,0
14.29,1
14.291,0
14.292,0
14.293,1
14.294,2
14.295,0
14.296,1
14.297,3
14.298,3
14.299,2
14.3,3
14.301,1
14.302,1
14.303,1
14.304,1
14.305,0
14.306,0
14.307,0
14.308,0
14.309,0
14.31,1
14.311,0
14.312,0
14.313,2
14.314,1
14.315,1
14.316,0
14.317,0
14.318,3
14.319,0
14.32,1
14.321,0
14.322,2
14.323,0
14.324,1
14.325,1
14.326,0
14.327,0
14.328,2
14.329,2
14.33,0
14.332,2
14.332,0
14.333,0
14.334,1
14.335,1
14.336,3
14.337,0
14.338,2
14.339,0
14.34,0
14.341,2
14.342,0
14.343,1
14.344,0
14.345,3
14.346,0
14.347,2
14.348,0
14.349,0
14.35,3
14.351,0
14.352,0
14.353,1
14.354,0
14.355,2
14.356,0
14.357,2
14.358,0
14.359,0
14.36,2
14.361,0
14.362,1
14.363,1
14.364,3
14.365,3
14.366,0
14.367,1
14.368,3
14.369,1
14.37,0
14.371,2
14.372,2
14.373,2
14.374,1
14.375,0
14.376,0
14.377,2
14.378,2
14.379,0
14.38,0
14.381,2
14.382,3
14.383,0
14.384,4
14.385,0
14.386,0
14.387,2
14.388,0
14.389,1
14.39,0
14.391,0
14.392,1
14.393,0
14.394,1
14.395,1
14.396,0
14.397,0
14.398,3
14.399,1
14.401,1
14.401,2
14.402,0
14.403,2
14.404,2
14.405,1
14.406,1
14.407,0
14.408,0
14.409,2
14.41,1
14.411,0
14.412,0
14.413,2
14.414,3
14.415,1
14.416,4
14.417,2
14.418,2
14.419,0
14.42,1
14.421,0
14.422,0
14.423,2
14.424,0
14.425,0
14.426,0
14.427,1
14.428,2
14.429,2
14.43,3
14.431,2
14.432,1
14.433,3
14.434,4
14.435,0
14.436,0
14.437,2
14.438,0
14.439,0
14.44,1
14.441,1
14.442,0
14.443,0
14.444,0
14.445,2
14.446,1
14.447,1
14.448,2
14.449,2
14.45,5
14.451,3
14.452,0
14.453,1
14.454,0
14.455,0
14.457,1
14.457,0
14.458,1
14.459,0
14.46,1
14.461,2
14.462,0
14.463,2
14.464,2
14.465,3
14.466,3
14.467,2
14.468,4
14.469,2
14.47,2
14.471,1
14.472,0
14.473,1
14.474,1
14.475,0
14.476,0
14.477,2
14.478,0
14.479,2
14.48,0
14.481,1
14.482,3
14.483,3
14.484,0
14.485,2
14.486,1
14.487,0
14.488,0
14.489,0
14.49,0
14.491,0
14.492,1
14.493,0
14.494,1
14.495,0
14.496,1
14.497,0
14.498,0
14.499,0
14.5,2
14.501,2
14.502,2
14.503,2
14.504,0
14.505,0
14.506,2
14.507,2
14.508,2
14.509,2
14.51,2
14.511,0
14.512,0
14.513,1
14.514,2
14.515,0
14.516,1
14.517,0
14.518,1
14.519,2
14.52,1
14.521,0
14.522,0
14.523,0
14.524,0
14.526,0
14.526,3
14.527,0
14.528,2
14.529,2
14.53,0
14.531,0
14.532,1
14.533,0
14.534,0
14.535,0
14.536,0
14.537,0
14.539,0
14.539,1
14.54,1
14.541,0
14.542,1
14.543,0
14.544,1
14.545,0
14.546,0
14.547,2
14.548,1
14.549,1
14.55,3
14.551,3
14.552,2
14.553,2
14.554,2
14.555,1
14.556,0
14.557,0
14.558,1
14.559,2
14.56,0
14.561,0
14.562,0
14.563,0
14.564,0
14.565,1
14.566,0
14.567,1
14.568,2
14.569,0
14.57,0
14.571,0
14.572,0
14.573,1
14.574,0
14.575,7
14.576,2
14.577,0
14.578,0
14.579,0
14.58,0
14.582,3
14.582,0
14.583,1
14.584,3
14.585,0
14.586,1
14.587,1
14.588,1
14.589,1
14.59,0
14.591,0
14.592,0
14.593,1
14.595,0
14.595,2
14.596,0
14.597,3
14.598,2
14.599,3
14.6,0
14.601,1
14.602,1
14.603,0
14.604,0
14.605,0
14.606,1
14.607,0
14.608,1
14.609,0
14.61,0
14.611,2
14.612,2
14.613,2
14.614,0
14.615,2
14.616,3
14.617,4
14.618,3
14.619,0
14.62,2
14.621,0
14.622,1
14.623,0
14.624,1
14.625,0
14.626,1
14.627,1
14.628,0
14.629,2
14.63,1
14.631,0
14.632,1
14.633,4
14.634,0
14.635,2
14.636,1
14.637,1
14.638,0
14.639,0
14.64,0
14.641,2
14.642,0
14.643,2
14.644,2
14.645,1
14.646,0
14.647,1
14.648,2
14.649,3
14.651,3
14.651,1
14.652,0
14.653,1
14.654,1
14.655,0
14.656,1
14.657,0
14.658,0
14.659,0
14.66,0
14.661,0
14.662,2
14.664,2
14.664,2
14.665,0
14.666,4
14.667,0
14.668,1
14.669,2
14.67,2
14.671,2
14.672,1
14.673,0
14.674,0
14.675,0
14.676,1
14.677,0
14.678,0
14.679,1
14.68,3
14.681,0
14.682,3
14.683,0
14.684,0
14.685,3
14.686,2
14.687,0
14.688,0
14.689,1
14.69,2
14.691,0
14.692,2
14.693,0
14.694,0
14.695,0
14.696,1
14.697,0
14.698,3
14.699,3
14.7,0
14.701,0
14.702,1
14.703,2
14.704,0
14.705,2
14.707,1
14.707,0
14.708,0
14.709,2
14.71,0
14.711,0
14.712,2
14.713,1
14.714,2
14.715,2
14.716,2
14.717,2
14.718,3
14.72,0
14.72,2
14.721,0
14.722,2
14.723,0
14.724,0
14.725,0
14.726,1
14.727,0
14.728,1
14.729,1
14.73,2
14.731,3
14.732,3
14.733,1
14.734,2
14.735,1
14.736,0
14.737,2
14.738,0
14.739,0
14.74,0
14.741,1
14.742,1
14.743,0
14.744,0
14.745,1
14.746,1
14.747,0
14.748,0
14.749,2
14.75,2
14.751,1
14.752,0
14.753,2
14.754,0
14.755,0
14.756,0
14.757,0
14.758,0
14.759,0
14.76,0
14.761,0
14.762,0
14.763,1
14.764,0
14.765,3
14.766,2
14.767,4
14.768,2
14.769,0
14.77,3
14.771,1
14.772,0
14.773,0
14.774,0
14.776,1
14.776,1
14.777,0
14.778,1
14.779,2
14.78,0
14.781,0
14.782,0
14.783,3
14.784,2
14.785,0
14.786,0
14.787,0
14.789,0
14.789,1
14.79,0
14.791,2
14.792,1
14.793,1
14.794,0
14.795,0
14.796,2
14.797,0
14.798,1
14.799,2
14.8,0
14.801,0
14.802,0
14.803,0
14.804,0
14.805,0
14.806,1
14.807,1
14.808,0
14.809,0
14.81,0
14.811,0
14.812,2
14.813,0
14.814,0
14.815,1
14.816,2
14.817,0
14.818,4
14.819,2
14.82,2
14.821,6
14.822,0
14.823,1
14.824,0
14.825,0
14.826,0
14.827,1
14.828,0
14.829,0
14.83,2
14.832,1
14.832,0
14.833,0
14.834,0
14.835,3
14.836,2
14.837,0
14.838,2
14.839,1
14.84,0
14.841,1
14.842,0
14.843,0
14.845,0
14.845,1
14.846,2
14.847,2
14.848,2
14.849,0
14.85,3
14.851,2
14.852,2
14.853,1
14.854,2
14.855,1
14.856,0
14.857,1
14.858,0
14.859,0
14.86,0
14.861,0
14.862,0
14.863,0
14.864,3
14.865,1
14.866,2
14.867,0
14.868,2
14.869,1
14.87,0
14.871,2
14.872,1
14.873,2
14.874,2
14.875,1
14.876,1
14.877,2
14.878,0
14.879,0
14.88,0
14.881,1
14.882,1
14.883,1
14.884,3
14.885,0
14.886,0
14.887,0
14.888,1
14.889,0
14.89,1
14.891,3
14.892,0
14.893,0
14.894,2
14.895,1
14.896,2
14.897,0
14.898,0
14.899,1
14.901,3
14.901,0
14.902,2
14.903,3
14.904,0
14.905,1
14.906,0
14.907,0
14.908,0
14.909,2
14.91,2
14.911,2
14.912,2
14.914,2
14.914,1
14.915,2
14.916,1
14.917,4
14.918,3
14.919,2
14.92,2
14.921,1
14.922,2
14.923,0
14.924,2
14.925,2
14.926,1
14.927,1
14.928,2
14.929,2
14.93,2
14.931,3
14.932,3
14.933,2
14.934,0
14.935,3
14.936,0
14.937,0
14.938,0
14.939,0
14.94,2
14.941,2
14.942,2
14.943,0
14.944,0
14.945,2
14.946,4
14.947,2
14.948,2
14.949,1
14.95,3
14.951,1
14.952,3
14.953,0
14.954,1
14.955,0
14.957,0
14.957,1
14.958,1
14.959,4
14.96,0
14.961,0
14.962,0
14.963,0
14.964,0
14.965,4
14.966,0
14.967,4
14.968,2
14.97,2
14.97,3
14.971,1
14.972,1
14.973,1
14.974,1
14.975,0
14.976,2
14.977,0
14.978,0
14.979,3
14.98,0
14.981,3
14.982,0
14.983,4
14.984,1
14.985,2
14.986,0
14.987,0
14.988,1
14.989,2
14.99,3
14.991,1
